1.659626 -1.783099 -1.911647  
-0.684657 -1.277775 -1.477397  
-0.554658 1.952230 1.635712  
-1.802043 1.016301 -1.137232  
-1.683148 -1.129790 -1.998924  
0.051741 1.612640 -1.637552  
-0.025669 1.292517 -1.526745  
-0.404513 -1.283315 1.807724  
-2.590455 1.525995 1.192214  
2.093119 1.064171 -1.457702  
-1.162133 -1.902208 -1.266666  
-0.509943 -1.512535 -1.531606  
-0.250755 -1.930810 1.284293  
0.575272 1.687861 1.440104  
1.579976 -1.228968 -1.350360  
3.089756 1.657304 1.439560  
-0.411983 -1.684219 1.482491  
2.949764 -1.147660 1.641081  
0.487836 1.786002 1.447034  
-1.466120 -1.556444 -1.169607  
-2.162475 -1.495444 -1.984752  
0.774275 -1.749771 1.294160  
0.341227 -1.152390 -1.125475  
-1.628019 -1.074530 -1.052529  
-1.542235 1.797798 -1.656564  
0.573014 -1.093480 -1.520210  
-2.588128 -1.461421 1.573319  
-2.904353 1.999994 1.889956  
6.116631 1.870540 1.004162  
0.380079 -1.163131 1.913027  
-0.579293 1.579430 -1.687387  
0.123388 -1.304295 -1.576971  
1.086962 1.035421 -1.833239  
1.930198 1.979434 -1.903366  
0.694109 1.163968 1.888949  
0.617751 -1.629480 1.700620  
-0.713722 -1.074161 -1.223656  
0.042750 1.280042 -1.719269  
-0.114190 1.944318 1.336351  
-0.263460 1.344943 -1.833243  
0.733058 -1.481936 1.712087  
0.497292 1.413984 -1.673936  
-0.631741 -1.609106 1.730729  
1.048249 -1.920914 1.653130  
0.129946 -1.260497 1.686125  
-2.077777 -1.576690 1.666557  
1.241168 -1.329642 1.984363  
1.567250 -1.188201 -1.958637  
1.179575 -1.121143 1.383832  
2.806969 1.861917 1.793657  
-0.860244 1.909643 -1.498144  
-1.637858 1.864579 1.463662  
-0.016091 -1.180421 1.727550  
0.418436 -1.838134 1.178208  
-0.005898 -1.138238 1.324807  
2.295271 -1.836828 1.496074  
-0.429159 1.608883 1.151230  
-2.112911 -1.363598 1.331386  
-0.292762 1.583570 -1.658747  
-0.050303 1.883037 -1.517715  
0.231268 1.829939 -1.244327  
0.991378 -1.984845 1.897560  
-0.360709 1.783282 -1.293678  
1.862042 1.049163 -1.986467  
-1.319612 -1.865181 1.099559  
-0.838916 1.809095 1.051508  
-0.169542 1.692076 -1.119111  
0.317172 1.595045 1.304286  
-0.093730 -1.609729 1.618925  
-1.187780 1.070090 -1.923728  
-0.073099 -1.826769 1.357193  
-0.644407 -1.659146 1.257469  
0.514941 1.308156 1.198021  
-2.093474 1.782262 -1.200352  
-0.773798 -1.230996 1.532846  
0.222504 -1.380215 -1.305408  
-1.043658 -1.552316 -1.685986  
0.837072 -1.645889 1.532960  
0.482961 -1.518515 -1.362154  
1.398191 -1.152876 -1.063561  
-1.465573 -1.700301 -1.001125  
-0.822474 -1.655368 1.181161  
0.696181 1.653305 -1.885014  
-1.679670 1.828957 -1.904170  
-0.428346 -1.868924 -1.738959  
-1.190783 1.551443 1.494407  
2.736199 1.814139 1.657201  
2.680260 1.874309 1.637771  
1.239181 -1.262785 1.470564  
1.358344 1.873021 -1.412483  
0.392561 1.538557 -1.579021  
0.851637 -1.832609 -1.112648  
0.041402 -1.814351 -1.637656  
-1.782603 1.247033 1.017457  
0.297050 1.582682 -1.477361  
-2.774401 1.640766 -1.222602  
0.533260 -1.737939 -1.438562  
3.001952 1.899086 -1.333569  
-1.270708 1.949820 1.884318  
-1.491042 -1.780224 1.904782  
1.161540 -1.331846 -1.560785  
0.498755 -1.477961 1.653880  
-1.320762 -1.865433 -1.373556  
0.603778 -1.676554 -1.058861  
0.255856 1.018911 1.009073  
0.411413 1.887197 1.173065  
-0.049127 1.639009 1.155336  
2.013471 1.899431 -1.475806  
2.875867 1.865679 -1.718666  
-1.489038 1.167165 -1.626125  
-1.930735 1.946925 -1.160824  
-0.152906 -1.915220 1.614227  
-0.431593 1.436585 1.244069  
0.266219 1.034716 1.813904  
-0.591098 1.035666 -1.200947  
0.846284 1.889344 -1.341482  
1.189777 -1.698713 -1.904187  
1.111876 -1.809371 -1.591111  
-2.181171 -1.244149 1.589119  
2.086185 1.056022 1.469050  
0.351623 1.584585 1.815549  
0.106190 -1.729398 -1.264172  
0.152999 1.931518 -1.205714  
-0.401361 -1.679904 1.443339  
0.862517 -1.214524 -1.258112  
-4.107826 -1.852411 1.321478  
0.107424 1.250210 -1.073236  
2.088830 -1.531033 1.958957  
-0.645699 1.043915 -1.005076  
-0.881411 1.820146 1.467471  
-1.443632 -1.923381 1.084411  
0.901973 1.092858 1.867469  
-0.096285 -1.777505 1.578613  
1.065431 1.096404 -1.946435  
-0.969920 -1.809743 1.746730  
-1.562413 -1.760862 -1.981109  
-0.656440 1.456514 1.654029  
0.407516 1.081265 1.136956  
-2.045982 -1.582450 -1.668326  
-0.789186 1.768206 -1.038265  
-0.408383 -1.452650 1.308247  
-5.209466 -1.126222 -1.084185  
1.300578 1.910227 -1.062674  
0.108406 1.927866 -1.387996  
0.568467 -1.539413 -1.822426  
2.463609 -1.789244 -1.381888  
1.436804 1.747277 -1.849272  
0.917006 -1.516139 -1.502401  
0.716522 -1.755945 -1.139001  
-1.412133 -1.844281 -1.184025  
-0.786180 1.888433 1.479777  
-1.388021 1.657643 1.221918  
1.256730 1.142119 1.561007  
1.931486 -1.673996 1.832555  
1.227045 -1.590407 1.763764  
-0.923284 -1.880009 -1.178987  
-0.228823 -1.647522 1.325711  
0.437236 -1.805789 1.398775  
-0.429529 -1.599644 1.901549  
2.004146 1.460652 -1.292432  
-1.119677 1.301169 -1.749443  
-0.056552 1.858866 -1.293171  
-5.865427 1.288752 -1.650491  
-1.547739 1.959716 1.112964  
-1.341542 -1.536115 1.465835  
2.114700 -1.405267 -1.837986  
0.724732 -1.347196 1.457240  
0.930080 -1.541140 -1.268684  
0.815923 1.236360 1.219155  
0.057422 1.343520 -1.094320  
1.983113 1.521261 1.180136  
-0.245260 1.683098 -1.386299  
-0.295923 1.600405 1.109233  
-1.663263 1.313187 -1.455690  
1.072164 -1.958753 1.020508  
2.173922 -1.039717 -1.183801  
1.256312 -1.073638 -1.408978  
0.413083 1.563327 1.803227  
-2.566557 1.475164 1.358235  
2.400310 -1.900896 -1.191772  
2.566552 1.820926 -1.508799  
-1.461434 -1.627518 -1.748678  
0.953520 1.872028 -1.552738  
3.119979 1.637806 -1.008569  
-0.559222 1.099285 1.801024  
-1.476025 1.380712 1.698096  
-4.438068 1.176700 1.148230  
0.734055 1.275884 1.155202  
-1.248396 -1.452681 -1.545784  
1.789172 -1.386669 -1.174136  
-1.113775 -1.917395 1.367118  
0.069591 -1.501835 1.017998  
0.487298 1.520118 -1.241415  
0.964267 -1.788231 1.325177  
0.566288 1.243528 -1.138114  
-1.311304 1.777828 -1.013161  
1.072933 1.523745 1.224643  
2.164926 1.235435 -1.739467  
-2.283560 -1.941243 -1.640098  
-1.296582 1.448423 1.302580  
1.954458 1.971818 -1.644512  
1.378226 -1.515532 -1.636656  
1.850572 1.584288 1.950885  
0.308337 1.787197 -1.924104  
1.289971 -1.705300 -1.597113  
1.510273 1.522729 -1.126805  
1.241928 -1.556908 1.247962  
-3.422280 -1.727276 -1.211786  
2.745334 1.721540 -1.305987  
-1.702481 -1.784489 -1.322695  
1.877481 -1.854648 -1.932716  
0.230177 -1.906964 1.000047  
-0.810597 1.267083 1.647548  
0.910976 -1.267134 -1.314043  
-2.437140 -1.663252 -1.327626  
-1.117498 1.127743 -1.584998  
-2.407838 -1.769074 -1.256489  
-1.778666 1.800775 1.599291  
2.095042 1.035519 1.747231  
0.998058 1.817747 1.692488  
-0.490081 1.340321 1.040087  
0.274006 -1.067608 1.112205  
-2.129401 1.888348 -1.668225  
-0.595523 1.800129 -1.716199  
1.048311 1.374974 -1.840804  
0.864359 1.006426 1.728296  
3.449284 1.169177 1.633522  
-0.571400 -1.538055 -1.646840  
1.029922 1.764925 1.393097  
-2.384139 -1.928000 -1.691745  
0.107411 -1.989483 1.439207  
0.321810 1.014150 -1.445235  
-3.465022 1.387466 -1.055411  
1.234810 -1.036516 1.329342  
-3.856307 1.563161 1.873097  
0.932156 -1.650222 1.933176  
-0.303207 1.497847 1.261883  
-2.355922 1.749230 -1.860587  
0.033481 1.596952 -1.174830  
3.643196 -1.340026 1.144246  
1.340464 1.613046 1.568754  
0.129052 -1.059163 1.432452  
3.590141 1.613254 -1.993110  
0.108175 -1.109087 -1.046365  
-2.938910 -1.479455 -1.558524  
0.419699 -1.485460 1.793879  
1.167422 1.047742 1.356162  
-1.791501 1.999241 1.051685  
-1.208403 1.493831 -1.702672  
0.502249 -1.561060 1.143224  
0.975147 1.470674 1.963092  
-1.015943 -1.590649 1.547613  
1.347701 -1.276120 -1.446645  
1.297098 1.906507 1.015699  
1.512112 1.362115 -1.741130  
0.000074 1.251974 1.678878  
-1.178927 -1.940837 -1.258257  
1.223654 1.178952 1.845005  
-0.503873 1.302225 1.909529  
2.114638 -1.956611 -1.109337  
1.151426 -1.165015 1.580048  
-1.226404 1.788590 1.641188  
0.645955 1.098858 1.462720  
-0.157740 1.574214 1.122489  
-2.431591 -1.212645 1.269239  
1.020897 -1.931338 1.040756  
1.067158 1.326680 -1.435216  
0.320696 1.381762 1.926364  
0.498956 -1.683833 -1.149882  
0.754554 -1.821129 1.268084  
-1.296247 -1.119379 1.903394  
0.652270 1.427702 1.180096  
2.988890 1.954232 -1.437942  
-1.527813 1.267607 -1.256583  
0.701267 -1.648167 1.829569  
0.322632 -1.919482 -1.190501  
1.810969 -1.470325 -1.832225  
-1.733826 -1.410011 1.118126  
4.179690 -1.908109 -1.158587  
0.708294 -1.101446 1.316653  
-1.183401 1.975380 -1.595963  
3.740033 1.013905 1.742623  
-2.224819 -1.630424 -1.997052  
-0.594915 1.044991 -1.234514  
-0.288756 -1.030634 -1.222729  
-0.157250 1.243905 -1.611093  
0.413932 1.295309 1.035014  
-0.152032 1.930653 -1.640113  
1.665986 -1.909686 -1.259237  
-2.318418 1.048738 1.217300  
-0.130066 1.728638 1.114216  
0.205933 1.927623 -1.332182  
2.036177 1.095194 -1.886736  
1.061110 1.730927 -1.613807  
1.366340 -1.677710 -1.823659  
-2.021204 1.573077 1.002623  
-1.480414 -1.403541 1.400536  
-2.503333 1.529970 -1.100276  
2.267229 1.144482 1.495767  
0.520302 1.461706 -1.138082  
-1.386681 1.576553 1.100709  
-0.159097 -1.133100 1.399062  
0.403685 1.818716 1.645507  
0.185524 -1.762171 -1.188687  
-0.204630 -1.550494 1.120834  
-1.410908 -1.943652 1.093788  
-0.611052 -1.330436 1.417947  
-3.968241 1.204186 1.147062  
1.132306 -1.401325 1.384041  
1.244660 -1.405917 1.743788  
-4.154979 -1.847523 -1.712522  
-5.663578 1.495408 -1.549261  
-2.692914 1.930875 1.405089  
-2.018534 -1.771248 1.679788  
-2.105043 1.988351 1.783031  
-3.145321 -1.672017 1.757571  
1.586409 -1.448881 1.094923  
-1.158866 1.565959 1.425894  
-1.110996 1.132400 1.061761  
-1.555996 1.268351 -1.684893  
2.139790 1.849856 1.614968  
2.971438 1.368455 -1.770597  
-0.412597 1.621694 1.179218  
2.671037 1.590753 -1.445837  
1.991338 1.822882 1.782631  
-1.388688 -1.233944 -1.244069  
0.649509 -1.293991 1.595484  
-0.045075 1.074058 1.958022  
-1.673070 -1.680180 -1.961014  
-0.400126 1.746074 -1.989134  
1.004480 -1.206047 -1.238225  
1.481470 -1.645453 1.920480  
-1.561910 1.234711 -1.519640  
0.002826 -1.086052 -1.426423  
-0.814641 -1.887964 -1.051869  
0.329683 -1.065851 1.749690  
-1.164526 -1.199200 -1.673269  
-1.952911 1.528892 -1.094073  
0.207465 -1.726187 1.775665  
0.775913 1.980315 -1.135545  
-0.201229 -1.815991 -1.504956  
1.514911 1.130165 -1.626101  
-1.826403 1.650077 -1.109285  
0.925155 1.338928 1.298698  
0.384208 1.197162 -1.556260  
0.436340 -1.049933 1.521834  
4.504229 1.297691 -1.360610  
2.479027 -1.674129 -1.166837  
-0.768128 1.444379 1.325206  
1.210609 -1.726575 1.495296  
-0.845991 -1.288957 1.526061  
2.255180 1.152413 1.634344  
-1.931551 -1.012301 1.129737  
0.339715 -1.062067 1.102434  
1.217243 -1.307366 1.840410  
1.271429 -1.905346 1.490891  
1.999407 1.946527 1.598775  
0.185215 1.137874 1.526062  
1.033591 -1.714233 -1.138684  
-1.469947 -1.689509 1.408414  
-0.861720 -1.670602 1.259345  
0.548269 1.557482 1.173228  
-1.649823 1.881611 -1.277873  
0.268066 1.517856 1.815162  
-2.225106 1.566801 1.496430  
-0.767847 -1.164617 -1.995737  
-1.742146 1.564042 -1.209732  
1.838563 -1.456670 -1.669871  
-1.718516 -1.750027 -1.517341  
-0.724250 -1.567302 1.401886  
1.887534 1.857143 1.706378  
-0.172215 -1.482350 1.561941  
1.143730 1.062947 -1.169109  
2.935550 -1.969308 1.991090  
-1.021206 -1.101507 1.210806  
2.151701 1.222225 -1.112371  
0.429903 1.784022 1.590518  
1.267316 -1.770682 -1.563915  
0.306571 1.260963 1.213094  
-3.409364 1.569600 -1.309982  
0.561956 1.859687 -1.958780  
1.311313 -1.541482 1.652831  
2.411727 1.480881 1.276344  
0.524464 1.558287 -1.397747  
-1.805304 1.249267 -1.563263  
-0.035149 -1.765058 -1.059298  
-0.740203 -1.288468 1.418785  
5.634880 1.374413 1.024902  
0.088533 1.503148 1.542247  
1.748680 1.330647 1.394260  
0.664642 -1.094077 1.236375  
-1.740901 -1.000406 1.423777  
-0.493939 1.755693 1.897541  
-0.388262 -1.433687 -1.500065  
1.438222 1.659387 -1.452905  
-3.386024 1.939121 -1.538568  
-0.943532 1.734831 1.125433  
0.846268 -1.578825 -1.257778  
-1.174340 1.896026 -1.569198  
0.600160 -1.747942 1.516203  
-0.580892 -1.314054 1.675750  
-0.106722 1.540389 -1.236531  
-0.546044 -1.170221 1.391792  
-0.314673 1.089914 1.297622  
0.915338 1.036489 -1.248395  
0.676157 1.101630 -1.904971  
1.582490 -1.733318 1.586491  
-3.294294 -1.906164 -1.898882  
0.549364 -1.925819 -1.638857  
-0.476777 -1.166755 1.814982  
3.554304 1.022273 1.454797  
1.744075 -1.305560 -1.654299  
0.218349 1.845325 1.896055  
1.144424 -1.065063 1.253945  
2.286467 -1.056869 1.056461  
-0.041382 -1.349713 1.102479  
-0.244521 -1.088864 1.538205  
0.561428 1.433230 -1.553111  
-1.229241 1.859329 -1.995912  
5.355137 1.750232 -1.978167  
2.498238 1.835348 1.979752  
-2.466491 1.891509 1.163657  
2.316904 -1.522290 1.282547  
0.720796 1.387003 -1.800239  
0.598813 1.286577 1.847705  
-1.371919 -1.732568 -1.045454  
3.683616 -1.131244 -1.290799  
-0.863030 1.095341 1.544564  
2.136468 1.886749 -1.749457  
0.682589 -1.482525 -1.790458  
-1.291269 -1.101953 -1.030426  
0.665638 1.271102 1.872903  
-2.354972 1.762968 1.988606  
0.240756 1.524878 1.164405  
-1.869175 -1.669177 -1.779614  
2.870975 1.452404 1.943459  
-1.413051 1.488740 -1.395754  
-3.519696 -1.531254 1.664438  
-2.205502 1.402864 -1.670987  
2.180353 -1.395990 -1.420787  
-3.573801 1.170857 1.415526  
3.245681 -1.718300 1.078135  
1.468976 -1.596480 -1.898617  
1.849053 1.485257 -1.622010  
1.615324 -1.960868 1.088130  
-0.381588 1.748836 1.595102  
0.804409 1.775641 1.008877  
0.093152 1.960668 1.165934  
-0.486705 -1.857159 1.296830  
-3.786574 1.999652 1.361119  
-0.555045 -1.203196 1.343464  
-0.954940 -1.355916 1.443597  
2.281219 -1.186572 1.086620  
0.980775 1.382457 1.333217  
-2.689576 -1.810266 -1.338426  
-1.726586 -1.938247 1.816651  
-1.714989 -1.316091 -1.148077  
1.929803 -1.726557 1.923364  
-0.354440 -1.280467 -1.235047  
-0.103894 1.969070 1.361881  
-0.177662 -1.010617 1.867127  
0.733895 1.921812 1.528079  
1.106302 -1.125275 1.461106  
-0.889695 1.699265 -1.668175  
-1.480692 1.232951 -1.426541  
-0.152737 -1.107738 1.276191  
-0.848369 -1.994510 -1.943601  
-0.888230 1.923895 1.173036  
-0.138664 -1.258413 -1.035848  
-2.208763 1.068814 -1.375564  
2.537791 1.377597 -1.309961  
-4.662725 1.605637 -1.831323  
0.105900 1.244277 1.539549  
1.623997 1.881521 -1.169592  
-3.874243 1.138539 1.600475  
0.341338 1.351557 1.561712  
0.472179 1.271254 -1.574926  
1.212686 -1.225375 1.551721  
-0.272213 1.769862 -1.480826  
-1.201247 1.208012 -1.590334  
2.029853 -1.335712 1.136962  
2.164016 -1.468488 -1.974398  
-0.990555 1.144791 -1.760223  
-1.040250 -1.083580 1.506471  
3.490539 -1.065579 -1.107517  
4.323315 1.830764 -1.226866  
-1.265352 1.720587 -1.292063  
1.004574 -1.440157 1.059044  
0.295167 1.392966 -1.351109  
-1.258419 -1.637161 1.499956  
2.801172 -1.736091 -1.809503  
1.052365 1.086795 1.718099  
-1.682223 1.941724 -1.326804  
1.369734 -1.320913 -1.556905  
-2.316823 1.993547 -1.064977  
-0.113808 1.980376 -1.781219  
-1.581183 -1.819437 1.984264  
0.559263 1.987592 -1.738023  
0.317742 1.214462 -1.725663  
0.288824 1.549519 1.542302  
-2.773761 1.622212 1.221551  
1.578659 -1.925878 1.649603  
-1.476300 -1.051208 -1.863891  
-0.048106 1.324591 1.342352  
-0.104878 1.865657 1.479315  
0.565909 -1.421840 1.577209  
0.678755 -1.035571 -1.054675  
-0.002074 1.971058 -1.414241  
-0.663650 -1.277614 -1.604654  
0.918645 -1.534025 1.101782  
4.443476 1.551415 1.999630  
-2.870855 1.534847 1.252430  
1.233080 1.830184 -1.302601  
0.324268 -1.146641 -1.307032  
-0.088285 -1.829754 1.602221  
-3.650968 1.671135 1.000824  
0.872894 1.333857 -1.143621  
1.583624 -1.338199 -1.663394  
2.246239 1.283321 -1.101735  
1.400491 -1.612152 1.591647  
0.255584 -1.804975 1.193679  
2.259324 -1.860237 1.139221  
1.554734 1.921837 1.628839  
1.415271 -1.828988 1.584132  
0.745837 -1.510402 -1.018409  
0.019184 -1.719004 -1.816646  
-2.035062 -1.811709 1.961406  
3.874905 1.919869 1.950799  
-0.053080 1.081873 -1.843312  
-1.117665 1.052399 -1.812006  
1.806139 1.652768 -1.626573  
-0.037681 -1.191511 1.717951  
-1.081512 1.939920 -1.599119  
0.953392 1.646113 1.401573  
-0.121446 1.011007 -1.404864  
0.375898 1.139814 1.841657  
0.920111 1.508530 -1.634528  
-2.760572 -1.924097 -1.060836  
2.092071 1.609068 -1.586303  
-3.636552 1.658659 1.578054  
1.812687 1.327282 1.416589  
1.185231 1.501178 -1.038229  
0.003591 1.023453 1.097133  
2.907400 1.866922 1.523506  
0.273374 1.509205 -1.585846  
-0.894879 -1.258196 -1.445033  
1.302921 -1.806438 -1.485337  
-0.309613 -1.942388 -1.411230  
0.123966 1.026784 -1.916720  
1.743254 -1.099463 -1.711222  
-0.210520 1.130842 -1.618712  
-0.487238 1.786796 -1.692542  
-3.420873 -1.258368 -1.562414  
-4.287094 -1.029040 -1.491240  
0.366582 -1.430401 1.702645  
-0.509098 1.142949 1.855968  
-2.413853 -1.166699 -1.423495  
-1.806586 -1.974993 1.429182  
-2.601874 1.630773 1.483083  
-3.082918 1.464353 -1.763811  
0.471935 -1.317206 1.645463  
0.081852 1.409687 1.596504  
0.186106 1.288326 -1.136975  
-2.773139 -1.160248 -1.304050  
1.460306 1.717047 1.822086  
-0.229276 1.620075 -1.196719  
2.638700 -1.993125 1.404321  
-1.542451 -1.327184 1.472099  
-1.502765 -1.670152 1.220459  
4.225560 1.322070 1.307971  
-1.492815 1.582084 -1.511039  
-2.600383 1.495973 1.787347  
0.627258 1.851007 1.428032  
-0.228141 -1.853999 1.952307  
-2.343738 -1.106496 1.640542  
0.215999 1.165369 1.627616  
2.372136 1.120757 1.758969  
-0.795708 -1.871631 1.389888  
-0.059784 1.909708 1.946461  
-0.349451 -1.799917 1.443661  
2.657610 -1.264500 -1.133326  
1.243968 1.588846 1.458655  
1.418572 -1.758651 -1.931551  
3.722958 -1.981637 1.755667  
1.088671 -1.962125 1.689194  
4.454408 1.403237 1.723519  
-1.773383 1.584568 -1.396784  
-2.418368 1.812821 -1.878644  
4.496246 -1.160982 -1.741167  
2.182958 -1.085831 1.037347  
-1.011840 1.398698 1.278859  
-1.346634 -1.621990 -1.157949  
1.615774 -1.220673 1.080166  
-0.441409 1.954368 1.039747  
-0.124017 -1.184833 -1.799290  
-0.708676 -1.248033 -1.735767  
1.740937 1.950873 1.733178  
-0.033720 1.348555 1.214422  
1.460178 1.497858 1.158214  
-0.154457 1.476062 1.182116  
1.887543 1.341262 -1.240597  
0.590152 1.019217 1.564199  
0.862085 -1.319784 -1.768013  
-0.078555 1.140033 1.345501  
0.063362 1.925497 -1.453259  
-1.008627 -1.619621 1.438242  
0.779346 1.951620 1.675915  
-0.171816 1.571589 1.430662  
-0.794789 -1.919176 1.889262  
1.095534 -1.071640 -1.396995  
1.280487 -1.846632 1.272754  
-1.033683 1.366516 -1.663049  
0.993658 1.421442 1.897136  
0.579711 1.763137 1.659452  
1.549579 -1.057497 1.083794  
-0.317066 -1.118734 -1.268480  
0.212382 1.349781 1.744841  
3.227147 1.133031 1.776050  
-1.178131 1.238445 -1.977227  
0.623105 -1.306772 -1.698573  
-1.636716 1.256892 -1.387987  
0.722399 1.056223 1.860296  
-3.294904 1.275716 -1.205424  
-1.392900 -1.468817 -1.439338  
-0.684367 -1.248125 1.798683  
-3.389507 1.066662 1.243243  
1.482103 -1.395532 1.939294  
0.718052 -1.077968 -1.143818  
7.986795 -1.724205 1.780153  
2.370141 -1.253805 1.757499  
-2.097452 1.014084 -1.079642  
0.535028 1.173704 -1.765645  
-0.934485 1.088038 -1.385717  
0.590047 -1.574618 -1.853855  
0.124656 -1.470212 -1.931024  
1.639136 1.017835 -1.216375  
-2.102767 -1.992010 -1.873217  
-0.424125 1.195478 1.515216  
0.921870 1.966573 -1.526173  
0.596313 1.588805 -1.842226  
-0.651130 1.560197 -1.531144  
-0.168204 -1.623601 1.922505  
-1.338770 1.652051 1.801603  
4.143856 1.325859 -1.807067  
1.216161 1.909329 1.566903  
1.992624 1.431197 -1.270209  
-1.284480 1.602314 1.178314  
-0.675762 -1.842854 -1.789217  
-1.684313 -1.161482 -1.724562  
-0.688279 -1.420429 1.856141  
5.355200 -1.896970 -1.176379  
-0.452201 1.895435 -1.233557  
0.063906 1.459775 -1.560023  
-5.716023 -1.022595 1.198933  
-1.871971 -1.243106 -1.777093  
0.164670 -1.835409 1.198887  
0.427278 -1.404956 -1.578877  
0.299857 -1.209278 -1.453673  
-0.928768 1.485850 -1.621719  
-2.884473 -1.218130 1.308776  
-0.425171 1.767615 1.287895  
-1.139144 1.554228 -1.393777  
-0.915156 1.227952 -1.002368  
-1.022581 -1.138580 1.591312  
-0.260843 -1.515333 -1.940271  
0.612498 -1.673959 1.566241  
-0.478408 -1.854973 1.456151  
-2.587302 -1.216935 -1.237321  
3.868483 1.504845 -1.252221  
1.977524 1.740396 1.340664  
-1.278191 1.016219 1.405300  
1.763692 1.391178 -1.724785  
3.112230 -1.589427 1.092657  
-0.432069 -1.328595 1.190312  
5.222499 -1.268193 1.462479  
-0.340456 -1.598032 -1.572154  
-4.227624 1.791261 -1.134470  
-1.083284 -1.310790 -1.266194  
0.703938 1.475641 1.558304  
0.316496 -1.734682 -1.287970  
-0.178394 -1.877498 -1.135586  
-2.808188 1.875478 -1.555519  
-0.557225 -1.101812 1.650716  
-2.463914 1.027833 1.317431  
-1.265540 1.139076 1.742564  
-1.720049 -1.130715 -1.251634  
-0.083989 1.416264 -1.156662  
-0.556141 -1.780187 -1.195831  
1.616123 -1.750679 1.828327  
-0.207829 -1.964012 -1.003053  
-4.229519 -1.904658 -1.184280  
-0.358322 -1.464810 -1.017788  
1.382633 1.142323 -1.848482  
-4.545445 1.612413 1.544834  
1.580630 1.489089 -1.580368  
-0.000478 1.647059 -1.739784  
0.244537 1.494634 -1.978780  
0.606374 1.894651 -1.357794  
-1.922425 1.425875 -1.129481  
-1.511310 -1.963773 -1.752080  
-1.643608 1.138860 1.656500  
0.576981 1.029793 -1.242973  
0.607756 -1.786766 -1.679523  
-0.918748 -1.512858 1.547119  
0.762047 1.601114 -1.397697  
-1.451877 1.605156 -1.368705  
-1.341783 1.478987 1.144084  
-1.122308 1.612046 1.333593  
-1.537426 1.098683 -1.329895  
-0.698670 -1.373665 1.657264  
-0.912854 -1.331033 -1.175550  
-1.709511 1.708816 -1.619777  
-0.600742 -1.644413 1.897710  
-1.057494 1.596812 -1.764388  
-6.084522 1.938399 -1.029717  
-1.755946 1.442640 -1.207705  
-1.529479 -1.000957 1.993146  
1.044855 -1.486095 1.313540  
-0.565808 -1.458426 -1.927800  
2.047781 1.319309 1.306010  
-0.323654 -1.665159 -1.931640  
-0.077578 -1.233795 1.996596  
-2.171862 -1.574260 -1.120580  
3.554747 1.459128 1.441802  
0.634218 -1.317000 1.151647  
-0.745604 -1.076319 -1.433858  
1.813643 -1.117669 1.396045  
-0.751305 -1.850647 -1.086752  
1.280868 -1.454012 -1.489589  
0.526447 1.223338 1.115789  
0.276404 -1.946418 1.424507  
0.631997 1.294749 1.377905  
2.039444 -1.189145 1.593240  
0.879654 -1.334854 -1.617563  
-2.813934 -1.967478 1.191871  
0.640646 -1.520836 1.405519  
3.976466 -1.229652 1.829072  
3.381983 1.306000 -1.449472  
-0.272968 1.275076 -1.316985  
0.370073 1.138856 1.653475  
0.585020 -1.091263 1.909692  
-2.107186 1.555243 -1.167628  
2.855640 1.098265 1.291046  
-1.727963 1.703960 1.490258  
-0.760380 -1.394506 1.640689  
1.313795 -1.356356 1.445968  
-0.505737 -1.157333 -1.892421  
-0.773360 -1.459726 -1.089640  
3.224746 1.473997 -1.666412  
0.784553 1.045989 -1.442396  
-1.908507 -1.969589 -1.109955  
1.106910 -1.969926 -1.417585  
-1.186715 1.700378 -1.147356  
-0.223549 -1.030505 -1.774826  
2.017244 1.681894 -1.542654  
0.469491 1.354834 -1.157307  
-7.797478 -1.950938 1.817745  
1.604772 -1.101861 1.745165  
-0.739657 1.358327 1.107850  
-2.933923 1.594639 1.919031  
1.788033 -1.809095 1.119147  
0.736862 1.875261 1.089895  
5.461139 -1.744599 1.455641  
-0.632932 1.679273 -1.132305  
1.645820 -1.777570 -1.915202  
0.282899 1.230895 -1.983408  
-0.637759 1.469600 -1.286964  
2.363754 -1.482074 -1.380363  
-1.747329 1.716435 1.432382  
0.467454 1.031546 -1.703671  
-2.326509 -1.718637 -1.653280  
0.707678 -1.361762 -1.220047  
0.842455 1.931460 1.792689  
-2.004129 -1.039032 1.768731  
0.771958 1.742122 -1.775863  
0.673286 -1.719721 -1.184660  
-2.403321 -1.372034 -1.994035  
-2.272708 -1.726150 -1.874073  
-0.678072 -1.459913 1.828048  
1.712333 -1.612156 -1.227483  
-3.315200 1.252833 -1.270596  
-1.920769 -1.292041 1.798198  
-2.290760 1.979094 1.916476  
-0.677227 -1.846010 -1.628892  
-3.645781 1.186050 1.065291  
-3.638728 -1.303254 1.855119  
0.924406 1.927367 -1.482704  
-0.875762 1.617172 1.392637  
-1.933916 -1.786815 -1.526310  
0.603191 1.891737 1.189341  
-1.120227 -1.057372 -1.493399  
-1.963637 1.895385 -1.217318  
1.242539 -1.952685 -1.784525  
2.538912 -1.074839 -1.883171  
-1.906749 -1.152896 -1.361993  
3.799643 1.557190 1.157186  
2.902568 -1.259927 -1.330701  
-1.257250 -1.988620 -1.499884  
0.077857 1.683988 1.140349  
-1.415029 -1.096717 1.290779  
0.802811 -1.066673 -1.304373  
-0.855145 1.504119 -1.095704  
-3.301294 -1.941527 -1.491285  
1.369453 1.868120 1.605032  
-2.977779 -1.278164 -1.148813  
0.421603 1.837833 -1.087154  
2.136479 1.394553 1.943790  
-1.189560 1.807409 1.003464  
0.473766 -1.309433 1.282036  
-0.028549 -1.714940 -1.475632  
-0.663425 1.703141 1.750039  
-0.753723 1.175803 -1.042955  
-1.356436 -1.098911 -1.451157  
-0.795806 1.903130 -1.551826  
0.139514 1.515642 -1.815717  
-2.055335 -1.070773 1.333491  
0.434509 -1.465249 1.368065  
2.223577 -1.784496 -1.585115  
-2.157499 -1.303084 -1.516395  
-1.437524 -1.899599 -1.300979  
0.841805 1.871003 1.231148  
0.365745 1.857996 -1.620851  
0.256937 -1.798947 -1.524456  
0.339349 -1.280100 -1.634851  
1.056531 1.847711 1.534352  
-0.588660 -1.563183 -1.002816  
-0.271903 1.632429 -1.648926  
0.066017 1.776479 -1.561188  
0.844949 -1.929023 1.032338  
1.243083 -1.390655 -1.415991  
1.222487 -1.158204 -1.000879  
-1.900828 1.754266 1.723755  
-4.136685 -1.616000 -1.555699  
-2.275911 1.322409 -1.234811  
0.347600 1.129111 1.634723  
2.216232 -1.318036 1.742908  
-1.260307 1.752233 1.635366  
-0.496439 1.716242 -1.443294  
-1.574567 -1.527146 1.558593  
1.724614 1.772868 -1.121319  
0.091808 -1.814815 1.082918  
-1.659076 -1.430644 -1.279026  
-0.455271 -1.717102 -1.651781  
-0.505320 -1.696827 -1.317323  
0.687425 1.400048 -1.143879  
1.702439 1.544383 -1.507786  
-1.275074 1.931140 1.579792  
0.920015 1.867569 -1.072250  
0.374484 -1.342698 -1.351978  
0.179636 1.826066 -1.455634  
-0.135396 1.636760 -1.962155  
0.566201 1.812218 1.829579  
1.260961 -1.359910 1.976771  
-1.613447 -1.880702 -1.858682  
-1.593949 1.250052 -1.348307  
3.312051 -1.007174 -1.825095  
1.078157 -1.149874 -1.032007  
2.952318 -1.524077 -1.457959  
1.058704 1.070161 -1.132878  
1.781035 1.332314 -1.296602  
1.460202 -1.495131 -1.863042  
1.313308 1.783207 -1.167550  
2.407443 1.626413 1.428205  
2.793415 -1.708442 1.793793  
2.775249 1.143027 -1.755494  
3.037937 -1.701071 1.385795  
1.206141 -1.173299 -1.111802  
-0.540649 -1.458772 1.470665  
-2.458469 1.057625 -1.425464  
0.526141 -1.501035 -1.640426  
-1.317478 1.823587 1.044074  
-0.094384 -1.383244 1.366512  
4.654341 -1.524240 -1.728998  
-0.679745 1.407889 -1.595083  
-1.123508 -1.200142 1.995275  
-5.831304 -1.435252 -1.118822  
-3.290591 1.293015 1.244964  
2.365839 -1.394076 1.684875  
-0.268275 -1.930894 -1.415137  
0.728946 1.749642 -1.406894  
0.921182 -1.951429 -1.236333  
0.531619 -1.665494 -1.691367  
0.332647 -1.145992 -1.043978  
-2.202193 -1.852060 1.318529  
0.226660 -1.927695 1.867818  
-2.923967 -1.744408 1.733636  
-2.546510 -1.252969 -1.286372  
0.612953 -1.549889 -1.845255  
0.512846 1.071175 1.975256  
1.070702 -1.382806 1.837745  
-4.952854 1.833725 -1.891137  
1.005625 -1.930858 1.701954  
2.578556 1.086006 1.145175  
-2.538188 -1.876070 -1.248182  
0.136621 -1.383007 -1.665337  
-1.603220 1.109479 1.423773  
0.276216 1.964415 -1.141068  
0.928181 1.016937 -1.549894  
1.014875 -1.932760 1.767517  
-0.154829 -1.173854 1.218527  
-2.664042 1.511541 1.387317  
-1.549045 -1.091250 1.455411  
1.424277 1.302855 -1.974829  
4.188460 -1.475868 1.318845  
-2.211097 1.545005 1.624592  
-2.072460 -1.149591 1.864328  
0.235719 1.492843 1.179192  
2.013691 -1.120371 1.808145  
-3.236032 1.804001 -1.711019  
1.136765 1.903061 1.082389  
-2.655974 1.217373 -1.817535  
1.109956 -1.121254 1.026102  
-1.429239 1.285645 -1.093412  
-0.368981 1.886992 1.644944  
-0.682808 1.407788 -1.704119  
1.187810 1.684368 -1.984954  
-2.659198 -1.878097 1.982038  
-0.051514 -1.812529 1.488844  
1.870880 1.037185 -1.110419  
-0.612177 1.084158 -1.684750  
-1.101135 -1.558018 1.434822  
-0.258229 -1.280047 -1.686925  
-1.276796 1.437341 1.946820  
2.692228 -1.823816 1.566931  
0.644990 1.380289 1.677845  
0.113387 1.516139 1.861267  
0.529245 1.451208 -1.610963  
-1.575459 1.312183 1.859685  
0.140092 -1.072381 -1.770003  
-0.880777 -1.557807 -1.165922  
1.037386 -1.163024 1.780573  
-1.352601 1.321358 -1.319234  
1.354020 1.761380 -1.099454  
-0.549543 -1.417316 1.993202  
-2.474502 1.613202 -1.959525  
1.910939 1.473362 -1.952354  
-2.779530 -1.663815 -1.814453  
-0.790227 -1.473722 -1.716208  
0.821550 -1.207597 -1.520530  
-0.851111 1.487018 -1.233668  
0.807260 1.144412 -1.138941  
-0.327612 1.254567 1.577180  
-2.654950 -1.678259 1.962800  
-2.064627 1.476645 -1.769247  
0.083962 1.595370 1.980849  
-0.182352 -1.933830 1.837261  
0.826986 -1.270153 -1.338719  
-3.927979 1.736634 -1.943810  
-2.289114 1.356800 -1.376572  
0.264930 1.194494 -1.905546  
4.621294 1.847716 -1.959034  
5.759673 1.941060 -1.605035  
-2.047111 -1.684182 1.321901  
0.202338 1.684384 1.982602  
-3.369600 -1.958506 1.709668  
-0.392585 -1.224135 1.624010  
2.679202 1.837920 1.887879  
-1.683550 1.067293 1.853202  
-0.124965 -1.803123 -1.310827  
-1.300154 1.334176 -1.571839  
-3.267696 -1.743768 -1.225746  
-0.224943 -1.988646 -1.038381  
0.968776 -1.878748 -1.035815  
-1.507140 -1.135565 -1.657798  
1.209508 -1.790478 -1.044581  
-1.748539 -1.337251 1.342109  
-1.047126 -1.724531 -1.068030  
-1.946386 1.957919 -1.585074  
1.023463 -1.498349 1.750923  
-0.764807 1.028083 -1.625523  
-0.118543 1.153942 -1.665754  
-0.529441 -1.282160 1.173955  
1.799516 1.143095 -1.302599  
1.448349 1.494606 1.909457  
-0.143285 -1.766665 -1.335142  
0.261431 -1.165943 1.613192  
-1.295155 -1.757229 -1.079017  
1.713826 -1.230086 -1.753117  
0.937508 -1.570931 1.870954  
-0.165449 -1.707449 1.827517  
0.479311 1.848133 -1.111436  
0.469330 1.445164 1.823559  
-0.830037 -1.461288 1.661318  
-2.643212 1.777266 1.593116  
-2.014125 1.983414 -1.277245  
1.881373 -1.203437 -1.678359  
-1.535251 -1.641290 1.666038  
-1.761746 -1.135741 1.503398  
1.531770 1.176973 1.207146  
-1.110642 -1.821938 -1.150051  
-3.124763 -1.994014 1.733722  
0.242815 -1.965956 1.533339  
0.692610 1.601668 1.287771  
0.402744 1.674873 -1.709567  
0.186172 1.206893 1.188484  
-0.130064 -1.374764 1.476115  
-1.866774 1.019434 -1.238221  
1.004104 1.232684 1.707056  
-0.246850 -1.630491 1.082722  
5.396981 -1.297376 -1.997478 