1.659626 -1.783099 -1.911647 1.335223 -1.277775 -1.477397 -1.364784 1.952230 1.635712 1.141603 1.016301 -1.137232 1.156679 -1.129790 -1.998924 1.512932 1.612640 -1.637552 1.493583 1.292517  
0.107082 -1.400229 -1.283315 1.807724 1.069755 1.525995 1.192214 -1.890233 1.064171 -1.457702 -1.238280 -1.902208 -1.266666 -1.375207 -1.512535 -1.531606 -1.437638 -1.930810 1.284293 1.639979  
0.790140 1.440104 1.829201 -1.228968 -1.350360 1.956468 1.657304 1.439560 1.398437 -1.684219 1.482491 1.950252 -1.147660 1.641081 1.619596 1.786002 1.447034 -1.187533 -1.556444 -1.169607  
-2.162475 -1.495444 -1.984752 -1.684445 -1.749771 1.294160 -1.584489 -1.152390 -1.125475 1.164102 -1.074530 -1.052529 -1.176211 1.797798 -1.656564 -1.639458 -1.093480 -1.520210 -1.069906 -1.461421  
0.295404 1.051939 1.999994 1.889956 1.997799 1.870540 1.004162 -1.593892 -1.163131 1.913027 -1.359095 1.579430 -1.687387 -1.530808 -1.304295 -1.576971 -1.747809 1.035421 -1.833239 -1.873271  
3.863342 -1.903366 1.666880 1.163968 1.888949 1.649707 -1.629480 1.700620 -1.328777 -1.074161 -1.223656 -1.510686 1.280042 -1.719269 1.471483 1.944318 1.336351 -1.434513 1.344943 -1.833243  
0.733058 -1.481936 1.712087 1.621823 1.413984 -1.673936 1.347116 -1.609106 1.730729 1.740438 -1.920914 1.653130 1.532441 -1.260497 1.686125 1.111276 -1.576690 1.666557 -1.775767 -1.329642  
4.142368 1.827391 -1.188201 -1.958637 1.764871 -1.121143 1.383832 -1.943051 1.861917 1.793657 1.297288 1.909643 -1.498144 1.162757 1.864579 1.463662 1.495977 -1.180421 1.727550 -1.603109  
1.644406 1.178208 -1.498526 -1.138238 1.324807 -1.908485 -1.836828 1.496074 1.394327 1.608883 1.151230 -1.107848 -1.363598 1.331386 1.427328 1.583570 -1.658747 -1.487427 1.883037 -1.517715  
0.231268 1.829939 -1.244327 1.729360 -1.984845 1.897560 -1.410788 1.783282 -1.293678 1.865535 1.049163 -1.986467 -1.210883 -1.865181 1.099559 -1.301763 1.809095 1.051508 -1.457716 1.692076  
-2.000873 1.578635 1.595045 1.304286 1.476585 -1.609729 1.618925 1.233656 1.070090 -1.923728 1.481733 -1.826769 1.357193 -1.344251 -1.659146 1.257469 -1.625964 1.308156 1.198021 -1.109733  
1.278899 -1.200352 1.315658 -1.230996 1.532846 1.555398 -1.380215 -1.305408 1.260445 -1.552316 -1.685986 1.697848 -1.645889 1.532960 1.618447 -1.518515 -1.362154 1.801897 -1.152876 -1.063561  
-1.465573 -1.700301 -1.001125 1.305239 -1.655368 1.181161 1.667341 1.653305 -1.885014 1.157139 1.828957 -1.904170 -1.394521 -1.868924 -1.738959 -1.233119 1.551443 1.494407 -1.939129 1.814139  
0.650845 1.935852 1.874309 1.637771 1.775421 -1.262785 1.470564 1.795490 1.873021 -1.412483 -1.596899 1.538557 -1.579021 1.700910 -1.832609 -1.112648 1.510349 -1.814351 -1.637656 1.143982  
-1.114502 1.017457 -1.573721 1.582682 -1.477361 -1.058723 1.640766 -1.222602 1.630243 -1.737939 -1.438562 1.952662 1.899086 -1.333569 -1.219136 1.949820 1.884318 -1.183765 -1.780224 1.904782  
1.161540 -1.331846 -1.560785 1.622167 -1.477961 1.653880 1.210692 -1.865433 -1.373556 -1.646520 -1.676554 -1.058861 -1.563617 1.018911 1.009073 -1.601427 1.887197 1.173065 -1.487721 1.639009  
-1.693346 -1.882204 1.899431 -1.475806 -1.946640 1.865679 -1.718666 -1.184066 1.167165 -1.626125 1.126669 1.946925 -1.160824 -1.461848 -1.915220 1.614227 -1.393746 1.436585 1.244069 1.566164  
-3.325211 1.813904 1.356383 1.035666 -1.200947 -1.699787 1.889344 -1.341482 -1.766701 -1.698713 -1.904187 1.752479 -1.809371 -1.591111 -1.101454 -1.244149 1.589119 -1.889553 1.056022 1.469050  
0.351623 1.584585 1.815549 -1.526523 -1.729398 -1.264172 -1.538175 1.931518 -1.205714 1.400985 -1.679904 1.443339 1.703186 -1.214524 -1.258112 1.016177 -1.852411 1.321478 1.526830 1.250210  
-2.538017 1.889813 -1.531033 1.958957 1.343959 1.043915 -1.005076 1.292886 1.820146 1.467471 1.190984 -1.923381 1.084411 -1.711355 1.092858 1.867469 1.475947 -1.777505 1.578613 1.743727  
-2.237833 -1.946435 -1.274897 -1.809743 1.746730 1.173301 -1.760862 -1.981109 -1.341540 1.456514 1.654029 1.600492 1.081265 1.136956 -1.114459 -1.582450 -1.668326 1.312343 1.768206 -1.038265  
-0.408383 -1.452650 1.308247 -1.005435 -1.126222 -1.084185 -1.785932 1.910227 -1.062674 -1.527075 1.927866 -1.387996 -1.638409 -1.539413 -1.822426 -1.921551 -1.789244 -1.381888 -1.807959 1.747277  
1.728899 1.714432 -1.516139 -1.502401 1.671841 -1.755945 -1.139001 1.195898 -1.844281 -1.184025 1.312989 1.888433 1.479777 -1.199724 1.657643 1.221918 -1.778463 1.142119 1.561007 -1.873414  
0.726315 1.832555 1.773301 -1.590407 1.763764 -1.284289 -1.880009 -1.178987 1.443043 -1.647522 1.325711 1.607600 -1.805789 1.398775 -1.394239 -1.599644 1.901549 1.881232 1.460652 -1.292432  
-1.119677 1.301169 -1.749443 -1.485866 1.858866 -1.293171 -1.002828 1.288752 -1.650491 -1.175413 1.959716 1.112964 -1.207257 -1.536115 1.465835 -1.892324 -1.405267 -1.837986 -1.673648 -1.347196  
-0.171460 1.717092 -1.541140 -1.268684 -1.693370 1.236360 1.219155 1.514352 1.343520 -1.094320 -1.879013 1.521261 1.180136 -1.438990 1.683098 -1.386299 1.426555 1.600405 1.109233 -1.159324  
-0.785262 -1.455690 -1.745008 -1.958753 1.020508 1.897883 -1.039717 -1.183801 1.778391 -1.073638 -1.408978 1.601827 1.563327 1.803227 1.071322 1.475164 1.358235 1.916851 -1.900896 -1.191772  
2.566552 1.820926 -1.508799 -1.188248 -1.627518 -1.748678 -1.721823 1.872028 -1.552738 -1.957709 1.637806 -1.008569 1.363727 1.099285 1.801024 -1.186028 1.380712 1.698096 1.011681 1.176700  
-1.748549 -1.675694 1.275884 1.155202 1.222978 -1.452681 -1.545784 1.856826 -1.386669 -1.174136 1.247168 -1.917395 1.367118 1.517391 -1.501835 1.017998 -1.619470 1.520118 -1.241415 -1.723975  
1.314297 1.325177 -1.637906 1.243528 -1.138114 1.212269 1.777828 -1.013161 1.745154 1.523745 1.224643 1.897055 1.235435 -1.739467 1.092494 -1.941243 -1.640098 -1.214741 1.448423 1.302580  
1.954458 1.971818 -1.644512 -1.798706 -1.515532 -1.636656 1.864194 1.584288 1.950885 1.576479 1.787197 -1.924104 -1.784142 -1.705300 -1.597113 1.819102 1.522729 -1.126805 -1.775899 -1.556908  
-1.109510 -1.031606 -1.727276 -1.211786 1.939649 1.721540 -1.305987 -1.154141 -1.784489 -1.322695 1.867321 -1.854648 -1.932716 -1.557292 -1.906964 1.000047 1.307763 1.267083 1.647548 1.713200  
-1.009211 -1.314043 1.080384 -1.663252 -1.327626 -1.246476 1.127743 -1.584998 -1.082577 -1.769074 -1.256489 1.144468 1.800775 1.599291 1.890420 1.035519 1.747231 1.730677 1.817747 1.692488  
-0.490081 1.340321 1.040087 -1.568076 -1.067608 1.112205 -1.106272 1.888348 -1.668225 -1.355369 1.800129 -1.716199 -1.740451 1.374974 -1.840804 1.703571 1.006426 1.728296 -1.969210 1.169177  
0.547357 1.360914 -1.538055 -1.646840 -1.736901 1.764925 1.393097 -1.084390 -1.928000 -1.691745 -1.526827 -1.989483 1.439207 1.579765 1.014150 -1.445235 1.030324 1.387466 -1.055411 -1.774659  
-3.272804 1.329342 -1.020708 1.563161 1.873097 1.717512 -1.650222 1.933176 1.424774 1.497847 1.261883 -1.086596 1.749230 -1.860587 1.508369 1.596952 -1.174830 1.974499 -1.340026 1.144246  
1.340464 1.613046 1.568754 -1.532218 -1.059163 1.432452 1.973147 1.613254 -1.993110 -1.527017 -1.109087 -1.046365 -1.050263 -1.479455 -1.558524 -1.603411 -1.485460 1.793879 -1.762679 1.047742  
-0.592062 1.142889 1.999241 1.051685 1.229984 1.493831 -1.702672 1.622988 -1.561060 1.143224 1.726144 1.470674 1.963092 1.265818 -1.590649 1.547613 -1.793753 -1.276120 -1.446645 1.785346  
2.271718 1.015699 -1.819374 1.362115 -1.741130 -1.500019 1.251974 1.678878 -1.235245 -1.940837 -1.258257 -1.772706 1.178952 1.845005 -1.376631 1.302225 1.909529 1.892318 -1.956611 -1.109337  
1.151426 -1.165015 1.580048 -1.226811 1.788590 1.641188 -1.656098 1.098858 1.462720 1.460647 1.574214 1.122489 -1.080795 -1.212645 1.269239 -1.735147 -1.931338 1.040756 1.744056 1.326680  
-0.260602 -1.579494 1.381762 1.926364 -1.622214 -1.683833 -1.149882 -1.680170 -1.821129 1.268084 1.214797 -1.119379 1.903394 1.657522 1.427702 1.180096 1.952070 1.954232 -1.437942 1.178314  
-1.006796 -1.256583 1.668469 -1.648167 1.829569 1.579965 -1.919482 -1.190501 -1.859479 -1.470325 -1.832225 -1.150099 -1.410011 1.118126 -1.984927 -1.908109 -1.158587 -1.670024 -1.101446 1.316653  
-1.183401 1.975380 -1.595963 1.976798 1.013905 1.742623 -1.097544 -1.630424 -1.997052 1.355508 1.044991 -1.234514 1.428308 -1.030634 -1.222729 1.460768 1.243905 -1.611093 1.602030 1.295309  
-3.316370 1.462065 1.930653 -1.640113 -1.841040 -1.909686 -1.259237 1.089609 1.048738 1.217300 -1.467529 1.728638 1.114216 -1.551302 1.927623 -1.332182 -1.884543 1.095194 -1.886736 1.742903  
0.999334 -1.613807 -1.796788 -1.677710 -1.823659 -1.116995 1.573077 1.002623 -1.185365 -1.403541 1.400536 -1.075625 1.529970 -1.100276 -1.906126 1.144482 1.495767 -1.627218 1.461706 -1.138082  
-1.386681 1.576553 1.100709 1.460309 -1.133100 1.399062 1.599573 1.818716 1.645507 1.546248 -1.762171 -1.188687 -1.449020 -1.550494 1.120834 1.196091 -1.943652 1.093788 1.351819 -1.330436  
-0.331206 1.018556 1.204186 1.147062 -1.756264 -1.401325 1.384041 1.776374 -1.405917 1.743788 1.015444 -1.847523 -1.712522 -1.003458 1.495408 -1.549261 1.063393 1.930875 1.405089 -1.117271  
1.215369 1.679788 -1.108608 1.988351 1.783031 -1.041276 -1.672017 1.757571 1.830110 -1.448881 1.094923 1.238873 1.565959 1.425894 -1.247685 1.132400 1.061761 1.174222 1.268351 -1.684893  
2.139790 1.849856 1.614968 1.951267 1.368455 -1.770597 1.398290 1.621694 1.179218 1.935296 1.590753 -1.445837 1.879885 1.822882 1.782631 1.199617 -1.233944 -1.244069 1.656900 -1.293991  
0.386684 1.488733 1.074058 1.958022 -1.158015 -1.680180 -1.961014 1.401282 1.746074 -1.989134 -1.731938 -1.206047 -1.238225 -1.814795 -1.645453 1.920480 -1.173373 1.234711 -1.519640 -1.500707  
-2.362826 -1.426423 1.306902 -1.887964 -1.051869 1.581682 -1.065851 1.749690 -1.237846 -1.199200 -1.673269 1.124236 1.528892 -1.094073 1.551681 -1.726187 1.775665 -1.684798 1.980315 -1.135545  
-0.201229 -1.815991 -1.504956 -1.819788 1.130165 -1.626101 1.138667 1.650077 -1.109285 -1.716091 1.338928 1.298698 1.594888 1.197162 -1.556260 1.607387 -1.049933 1.521834 -1.989059 1.297691  
-0.572716 1.922658 -1.674129 -1.166837 1.316884 1.444379 1.325206 1.770407 -1.726575 1.495296 -1.300275 -1.288957 1.526061 1.905096 1.152413 1.634344 -1.126579 -1.012301 1.129737 -1.584121  
-2.715471 1.102434 1.771578 -1.307366 1.840410 1.780987 -1.905346 1.490891 -1.880735 1.946527 1.598775 -1.546172 1.137874 1.526062 1.737611 -1.714233 -1.138684 -1.186951 -1.689509 1.408414  
-0.861720 -1.670602 1.259345 -1.633734 1.557482 1.173228 -1.161133 1.881611 -1.277873 -1.566618 1.517856 1.815162 1.097518 1.566801 1.496430 -1.316945 -1.164617 -1.995737 1.149041 1.564042  
-1.326542 1.862779 -1.456670 -1.669871 1.152062 -1.750027 -1.517341 1.326458 -1.567302 1.401886 -1.868474 1.857143 1.706378 1.457052 -1.482350 1.561941 1.758364 1.062947 -1.169109 -1.949576  
3.452573 1.991090 -1.264793 -1.101507 1.210806 -1.895828 1.222225 -1.112371 1.605850 1.784022 1.590518 -1.780283 -1.770682 -1.563915 1.576048 1.260963 1.213094 1.032004 1.569600 -1.309982  
0.561956 1.859687 -1.958780 -1.787733 -1.541482 1.652831 1.917717 1.480881 1.276344 1.628191 1.558287 -1.397747 1.141207 1.249267 -1.563263 1.491214 -1.765058 -1.059298 1.322960 -1.288468  
-0.327763 -1.996442 1.374413 1.024902 1.522119 1.503148 1.542247 -1.851786 1.330647 1.394260 -1.660302 -1.094077 1.236375 -1.149199 -1.000406 1.423777 1.378966 1.755693 1.897541 -1.404136  
-0.266822 -1.500065 -1.808179 1.659387 -1.452905 -1.032735 1.939121 -1.538568 -1.280187 1.734831 1.125433 -1.699784 -1.578825 -1.257778 -1.236071 1.896026 -1.569198 1.645693 -1.747942 1.516203  
-0.580892 -1.314054 1.675750 1.473345 1.540389 -1.236531 -1.366783 -1.170221 1.391792 1.421975 1.089914 1.297622 -1.714091 1.036489 -1.248395 1.662880 1.101630 -1.904971 -1.829557 -1.733318  
0.349479 1.035767 -1.906164 -1.898882 -1.633988 -1.925819 -1.638857 1.383013 -1.166755 1.814982 1.972194 1.022273 1.454797 -1.851204 -1.305560 -1.654299 -1.554371 1.845325 1.896055 -1.758491  
-2.665115 1.253945 -1.907750 -1.056869 1.056461 1.489656 -1.349713 1.102479 1.439173 -1.088864 1.538205 -1.636783 1.433230 -1.553111 1.226314 1.859329 -1.995912 1.995298 1.750232 -1.978167  
2.498238 1.835348 1.979752 1.078241 1.891509 1.163657 -1.910267 -1.522290 1.282547 1.672782 1.387003 -1.800239 1.645385 1.286577 1.847705 1.202310 -1.732568 -1.045454 1.975484 -1.131244  
-0.891505 1.296707 1.095341 1.544564 -1.894397 1.886749 -1.749457 -1.664316 -1.482525 -1.790458 -1.215638 -1.101953 -1.030426 -1.660526 1.271102 1.872903 1.086671 1.762968 1.988606 1.559900  
0.099596 1.164405 1.133637 -1.669177 -1.779614 -1.946393 1.452404 1.943459 -1.195753 1.488740 -1.395754 1.028757 -1.531254 1.664438 1.099258 1.402864 -1.670987 -1.898471 -1.395990 -1.420787  
-3.573801 1.170857 1.415526 1.962518 -1.718300 1.078135 1.812902 -1.596480 -1.898617 1.864016 1.485257 -1.622010 1.834149 -1.960868 1.088130 1.405744 1.748836 1.595102 -1.690917 1.775641  
-4.715369 -1.523271 1.960668 1.165934 1.380670 -1.857159 1.296830 1.022170 1.999652 1.361119 1.364695 -1.203196 1.343464 1.277892 -1.355916 1.443597 -1.907310 -1.186572 1.086620 -1.727262  
-0.479134 1.333217 -1.063591 -1.810266 -1.338426 1.151025 -1.938247 1.816651 1.152518 -1.316091 -1.148077 1.873228 -1.726557 1.923364 1.412306 -1.280467 -1.235047 -1.474050 1.969070 1.361881  
-0.177662 -1.010617 1.867127 1.675659 1.921812 1.528079 -1.751439 -1.125275 1.461106 -1.291173 1.699265 -1.668175 -1.185323 1.232951 -1.426541 -1.461890 -1.107738 1.276191 1.299775 -1.994510  
2.817245 -1.291475 1.923895 1.173036 1.465389 -1.258413 -1.035848 1.098966 1.068814 -1.375564 -1.926749 1.377597 -1.309961 -1.009352 1.605637 -1.831323 1.526450 1.244277 1.539549 -1.835346  
2.006913 -1.169592 1.020347 1.138539 1.600475 1.584516 1.351557 1.561712 1.615899 1.271254 -1.574926 1.770774 -1.225375 1.551721 1.432364 1.769862 -1.480826 1.231253 1.208012 -1.590334  
2.029853 -1.335712 1.136962 -1.896971 -1.468488 -1.974398 1.270802 1.144791 -1.760223 1.261102 -1.083580 1.506471 -1.970417 -1.065579 -1.107517 -1.986917 1.830764 -1.226866 -1.220054 1.720587  
-0.885385 -1.731957 -1.440157 1.059044 -1.573261 1.392966 -1.351109 1.221246 -1.637161 1.499956 1.942739 -1.736091 -1.809503 -1.741229 1.086795 1.718099 -1.156801 1.941724 -1.326804 1.797337  
-0.749580 -1.556905 1.089739 1.993547 -1.064977 1.471579 1.980376 -1.781219 1.170628 -1.819437 1.984264 1.636282 1.987592 -1.738023 -1.578774 1.214462 -1.725663 1.571708 1.549519 1.542302  
-2.773761 1.622212 1.221551 1.829015 -1.925878 1.649603 1.185987 -1.051208 -1.863891 1.487976 1.324591 1.342352 -1.473804 1.865657 1.479315 -1.637819 -1.421840 1.577209 -1.663461 -1.035571  
-2.850128 1.499481 1.971058 -1.414241 -1.339920 -1.277614 -1.604654 -1.714766 -1.534025 1.101782 -1.988382 1.551415 1.999630 1.053613 1.534847 1.252430 -1.774357 1.830184 -1.302601 -1.580364  
-1.761192 -1.307032 1.477943 -1.829754 1.602221 1.025309 1.671135 1.000824 1.705347 1.333857 -1.143621 -1.829717 -1.338199 -1.663394 1.904326 1.283321 -1.101735 1.802262 -1.612152 1.591647  
0.255584 -1.804975 1.193679 1.905452 -1.860237 1.139221 1.825596 1.921837 1.628839 1.804596 -1.828988 1.584132 -1.678271 -1.510402 -1.018409 -1.504796 -1.719004 -1.816646 1.115571 -1.811709  
3.215306 1.979666 1.919869 1.950799 -1.486733 1.081873 -1.843312 1.246445 1.052399 -1.812006 1.858895 1.652768 -1.626573 1.490581 -1.191511 1.717951 1.253220 1.939920 -1.599119 1.721797  
0.601995 1.401573 -1.469676 1.011007 -1.404864 -1.592883 1.139814 1.841657 -1.715065 1.508530 -1.634528 -1.059492 -1.924097 -1.060836 -1.890130 1.609068 -1.586303 -1.025667 1.658659 1.578054  
1.812687 1.327282 1.416589 1.765887 1.501178 -1.038229 1.500898 1.023453 1.097133 -1.948211 1.866922 1.523506 -1.567921 1.509205 -1.585846 1.290104 -1.258196 -1.445033 1.786326 -1.806438  
-0.058667 -1.423209 -1.942388 -1.411230 1.530952 1.026784 -1.916720 -1.851100 -1.099463 -1.711222 -1.447564 1.130842 -1.618712 1.380544 1.786796 -1.692542 -1.031649 -1.258368 -1.562414 -1.013559  
-3.509629 -1.491240 -1.590633 -1.430401 1.702645 -1.375405 1.142949 1.855968 -1.082122 -1.166699 -1.423495 -1.141051 -1.974993 1.429182 1.069018 1.630773 1.483083 1.043817 1.464353 -1.763811  
0.471935 -1.317206 1.645463 -1.520452 1.409687 1.596504 1.546393 1.288326 -1.136975 1.058793 -1.160248 -1.304050 -1.811579 1.717047 1.822086 -1.442931 1.620075 -1.196719 -1.933311 -1.993125  
-0.387493 -1.176179 -1.327184 1.472099 1.182014 -1.670152 1.220459 -1.985593 1.322070 1.307971 -1.183500 1.582084 -1.511039 1.069114 1.495973 1.787347 1.651868 1.851007 1.428032 1.443211  
1.766318 1.952307 1.087565 -1.106496 1.640542 1.553791 1.165369 1.627616 -1.914678 1.120757 1.758969 1.310944 -1.871631 1.389888 -1.485059 1.909708 1.946461 -1.413516 -1.799917 1.443661  
2.657610 -1.264500 -1.133326 1.776254 1.588846 1.458655 1.805115 -1.758651 -1.931551 -1.976408 -1.981637 1.755667 -1.748132 -1.962125 1.689194 -1.988506 1.403237 1.723519 1.145122 1.584568  
-0.418883 -1.081783 1.812821 -1.878644 -1.988972 -1.160982 -1.741167 1.898709 -1.085831 1.037347 -1.266620 1.398698 1.278859 1.206421 -1.621990 -1.157949 1.834212 -1.220673 1.080166 1.391405  
3.040432 1.039747 -1.469035 -1.184833 -1.799290 1.329892 -1.248033 -1.735767 -1.850806 1.950873 1.733178 1.491571 1.348555 1.214422 1.811560 1.497858 1.158214 1.461462 1.476062 1.182116  
1.887543 1.341262 -1.240597 -1.643400 1.019217 1.564199 1.703096 -1.319784 -1.768013 -1.480371 1.140033 1.345501 1.515835 1.925497 -1.453259 -1.267249 -1.619621 1.438242 -1.685539 1.951620  
0.735062 1.457151 1.571589 1.430662 -1.311141 -1.919176 1.889262 -1.749422 -1.071640 -1.396995 -1.782533 -1.846632 1.272754 -1.262371 1.366516 -1.663049 1.729810 1.421442 1.897136 1.641001  
1.169954 1.659452 -1.824853 -1.057497 1.083794 1.421391 -1.118734 -1.268480 -1.552897 1.349781 1.744841 -1.961843 1.133031 1.776050 1.235389 1.238445 -1.977227 -1.650924 -1.306772 -1.698573  
-1.636716 1.256892 -1.387987 1.673135 1.056223 1.860296 1.035746 1.275716 -1.205424 1.198945 -1.468817 -1.439338 -1.335287 -1.248125 1.798683 -1.032625 1.066662 1.243243 -1.814890 -1.395532  
2.739078 -1.672178 -1.077968 -1.143818 -1.999660 -1.724205 1.780153 -1.914522 -1.253805 1.757499 -1.109345 1.014084 -1.079642 1.630655 1.173704 -1.765645 -1.282016 1.088038 -1.385717 1.643376  
0.300719 -1.853855 -1.531124 -1.470212 -1.931024 1.837417 1.017835 -1.216375 -1.108828 -1.992010 -1.873217 -1.395530 1.195478 1.515216 1.715423 1.966573 -1.526173 -1.644812 1.588805 -1.842226  
-0.651130 1.560197 -1.531144 -1.458048 -1.623601 1.922505 -1.207712 1.652051 1.801603 -1.984386 1.325859 -1.807067 1.771387 1.909329 1.566903 -1.880020 1.431197 -1.270209 -1.216789 1.602314  
-1.527813 -1.337208 -1.842854 -1.789217 1.156525 -1.161482 -1.724562 1.334416 -1.420429 1.856141 -1.995299 -1.896970 -1.176379 -1.388838 1.895435 -1.233557 1.515971 1.459775 -1.560023 1.003282  
-3.767181 1.198933 1.133314 -1.243106 -1.777093 1.541075 -1.835409 1.198887 -1.605223 -1.404956 -1.578877 1.574408 -1.209278 -1.453673 -1.283175 1.485850 -1.621719 1.052927 -1.218130 1.308776  
-0.425171 1.767615 1.287895 -1.242478 1.554228 -1.393777 -1.285946 1.227952 -1.002368 -1.264525 -1.138580 1.591312 -1.435157 -1.515333 -1.940271 1.648510 -1.673959 1.566241 1.382628 -1.854973 