1.659626 -1.783099 -1.911647 1.335223 -1.277775 -1.477397 -1.364784 1.952230 1.635712 1.141603  
-4.100120 -1.137232 1.156679 -1.129790 -1.998924 1.512932 1.612640 -1.637552 1.493583 1.292517  
0.107082 -1.400229 -1.283315 1.807724 1.069755 1.525995 1.192214 -1.890233 1.064171 -1.457702  
-1.162133 -1.902208 -1.266666 -1.375207 -1.512535 -1.531606 -1.437638 -1.930810 1.284293 1.639979  
0.790140 1.440104 1.829201 -1.228968 -1.350360 1.956468 1.657304 1.439560 1.398437 -1.684219  
-0.070066 1.950252 -1.147660 1.641081 1.619596 1.786002 1.447034 -1.187533 -1.556444 -1.169607  
-2.162475 -1.495444 -1.984752 -1.684445 -1.749771 1.294160 -1.584489 -1.152390 -1.125475 1.164102  
-2.519103 -1.052529 -1.176211 1.797798 -1.656564 -1.639458 -1.093480 -1.520210 -1.069906 -1.461421  
0.295404 1.051939 1.999994 1.889956 1.997799 1.870540 1.004162 -1.593892 -1.163131 1.913027  
-0.579293 1.579430 -1.687387 -1.530808 -1.304295 -1.576971 -1.747809 1.035421 -1.833239 -1.873271  
3.863342 -1.903366 1.666880 1.163968 1.888949 1.649707 -1.629480 1.700620 -1.328777 -1.074161  
-1.244484 -1.510686 1.280042 -1.719269 1.471483 1.944318 1.336351 -1.434513 1.344943 -1.833243  
0.733058 -1.481936 1.712087 1.621823 1.413984 -1.673936 1.347116 -1.609106 1.730729 1.740438  
2.454836 1.653130 1.532441 -1.260497 1.686125 1.111276 -1.576690 1.666557 -1.775767 -1.329642  
4.142368 1.827391 -1.188201 -1.958637 1.764871 -1.121143 1.383832 -1.943051 1.861917 1.793657  
-0.860244 1.909643 -1.498144 1.162757 1.864579 1.463662 1.495977 -1.180421 1.727550 -1.603109  
1.644406 1.178208 -1.498526 -1.138238 1.324807 -1.908485 -1.836828 1.496074 1.394327 1.608883  
-1.724987 -1.107848 -1.363598 1.331386 1.427328 1.583570 -1.658747 -1.487427 1.883037 -1.517715  
0.231268 1.829939 -1.244327 1.729360 -1.984845 1.897560 -1.410788 1.783282 -1.293678 1.865535  
-2.962213 -1.986467 -1.210883 -1.865181 1.099559 -1.301763 1.809095 1.051508 -1.457716 1.692076  
-2.000873 1.578635 1.595045 1.304286 1.476585 -1.609729 1.618925 1.233656 1.070090 -1.923728  
-0.073099 -1.826769 1.357193 -1.344251 -1.659146 1.257469 -1.625964 1.308156 1.198021 -1.109733  
1.278899 -1.200352 1.315658 -1.230996 1.532846 1.555398 -1.380215 -1.305408 1.260445 -1.552316  
0.781421 1.697848 -1.645889 1.532960 1.618447 -1.518515 -1.362154 1.801897 -1.152876 -1.063561  
-1.465573 -1.700301 -1.001125 1.305239 -1.655368 1.181161 1.667341 1.653305 -1.885014 1.157139  
1.578256 -1.904170 -1.394521 -1.868924 -1.738959 -1.233119 1.551443 1.494407 -1.939129 1.814139  
0.650845 1.935852 1.874309 1.637771 1.775421 -1.262785 1.470564 1.795490 1.873021 -1.412483  
0.392561 1.538557 -1.579021 1.700910 -1.832609 -1.112648 1.510349 -1.814351 -1.637656 1.143982  
-1.114502 1.017457 -1.573721 1.582682 -1.477361 -1.058723 1.640766 -1.222602 1.630243 -1.737939  
-0.247001 1.952662 1.899086 -1.333569 -1.219136 1.949820 1.884318 -1.183765 -1.780224 1.904782  
1.161540 -1.331846 -1.560785 1.622167 -1.477961 1.653880 1.210692 -1.865433 -1.373556 -1.646520  
0.737980 -1.058861 -1.563617 1.018911 1.009073 -1.601427 1.887197 1.173065 -1.487721 1.639009  
-1.693346 -1.882204 1.899431 -1.475806 -1.946640 1.865679 -1.718666 -1.184066 1.167165 -1.626125  
-1.930735 1.946925 -1.160824 -1.461848 -1.915220 1.614227 -1.393746 1.436585 1.244069 1.566164  
-3.325211 1.813904 1.356383 1.035666 -1.200947 -1.699787 1.889344 -1.341482 -1.766701 -1.698713  
2.244639 1.752479 -1.809371 -1.591111 -1.101454 -1.244149 1.589119 -1.889553 1.056022 1.469050  
0.351623 1.584585 1.815549 -1.526523 -1.729398 -1.264172 -1.538175 1.931518 -1.205714 1.400985  
0.753330 1.443339 1.703186 -1.214524 -1.258112 1.016177 -1.852411 1.321478 1.526830 1.250210  
-2.538017 1.889813 -1.531033 1.958957 1.343959 1.043915 -1.005076 1.292886 1.820146 1.467471  
-1.443632 -1.923381 1.084411 -1.711355 1.092858 1.867469 1.475947 -1.777505 1.578613 1.743727  
-2.237833 -1.946435 -1.274897 -1.809743 1.746730 1.173301 -1.760862 -1.981109 -1.341540 1.456514  
0.636795 1.600492 1.081265 1.136956 -1.114459 -1.582450 -1.668326 1.312343 1.768206 -1.038265  
-0.408383 -1.452650 1.308247 -1.005435 -1.126222 -1.084185 -1.785932 1.910227 -1.062674 -1.527075  
2.554359 -1.387996 -1.638409 -1.539413 -1.822426 -1.921551 -1.789244 -1.381888 -1.807959 1.747277  
1.728899 1.714432 -1.516139 -1.502401 1.671841 -1.755945 -1.139001 1.195898 -1.844281 -1.184025  
-0.786180 1.888433 1.479777 -1.199724 1.657643 1.221918 -1.778463 1.142119 1.561007 -1.873414  
0.726315 1.832555 1.773301 -1.590407 1.763764 -1.284289 -1.880009 -1.178987 1.443043 -1.647522  
-0.727646 1.607600 -1.805789 1.398775 -1.394239 -1.599644 1.901549 1.881232 1.460652 -1.292432  
-1.119677 1.301169 -1.749443 -1.485866 1.858866 -1.293171 -1.002828 1.288752 -1.650491 -1.175413  
3.170693 1.112964 -1.207257 -1.536115 1.465835 -1.892324 -1.405267 -1.837986 -1.673648 -1.347196  
-0.171460 1.717092 -1.541140 -1.268684 -1.693370 1.236360 1.219155 1.514352 1.343520 -1.094320  
1.983113 1.521261 1.180136 -1.438990 1.683098 -1.386299 1.426555 1.600405 1.109233 -1.159324  
-0.785262 -1.455690 -1.745008 -1.958753 1.020508 1.897883 -1.039717 -1.183801 1.778391 -1.073638  
-0.368192 1.601827 1.563327 1.803227 1.071322 1.475164 1.358235 1.916851 -1.900896 -1.191772  
2.566552 1.820926 -1.508799 -1.188248 -1.627518 -1.748678 -1.721823 1.872028 -1.552738 -1.957709  
0.565855 -1.008569 1.363727 1.099285 1.801024 -1.186028 1.380712 1.698096 1.011681 1.176700  
-1.748549 -1.675694 1.275884 1.155202 1.222978 -1.452681 -1.545784 1.856826 -1.386669 -1.174136  
-1.113775 -1.917395 1.367118 1.517391 -1.501835 1.017998 -1.619470 1.520118 -1.241415 -1.723975  
1.314297 1.325177 -1.637906 1.243528 -1.138114 1.212269 1.777828 -1.013161 1.745154 1.523745  
-1.238810 1.897055 1.235435 -1.739467 1.092494 -1.941243 -1.640098 -1.214741 1.448423 1.302580  
1.954458 1.971818 -1.644512 -1.798706 -1.515532 -1.636656 1.864194 1.584288 1.950885 1.576479  
1.308111 -1.924104 -1.784142 -1.705300 -1.597113 1.819102 1.522729 -1.126805 -1.775899 -1.556908  
-1.109510 -1.031606 -1.727276 -1.211786 1.939649 1.721540 -1.305987 -1.154141 -1.784489 -1.322695  
1.877481 -1.854648 -1.932716 -1.557292 -1.906964 1.000047 1.307763 1.267083 1.647548 1.713200  
-1.009211 -1.314043 1.080384 -1.663252 -1.327626 -1.246476 1.127743 -1.584998 -1.082577 -1.769074  
-1.064300 1.144468 1.800775 1.599291 1.890420 1.035519 1.747231 1.730677 1.817747 1.692488  
-0.490081 1.340321 1.040087 -1.568076 -1.067608 1.112205 -1.106272 1.888348 -1.668225 -1.355369  
1.387103 -1.716199 -1.740451 1.374974 -1.840804 1.703571 1.006426 1.728296 -1.969210 1.169177  
0.547357 1.360914 -1.538055 -1.646840 -1.736901 1.764925 1.393097 -1.084390 -1.928000 -1.691745  
0.107411 -1.989483 1.439207 1.579765 1.014150 -1.445235 1.030324 1.387466 -1.055411 -1.774659  
-3.272804 1.329342 -1.020708 1.563161 1.873097 1.717512 -1.650222 1.933176 1.424774 1.497847  
-1.036203 -1.086596 1.749230 -1.860587 1.508369 1.596952 -1.174830 1.974499 -1.340026 1.144246  
1.340464 1.613046 1.568754 -1.532218 -1.059163 1.432452 1.973147 1.613254 -1.993110 -1.527017  
-2.100101 -1.046365 -1.050263 -1.479455 -1.558524 -1.603411 -1.485460 1.793879 -1.762679 1.047742  
-0.592062 1.142889 1.999241 1.051685 1.229984 1.493831 -1.702672 1.622988 -1.561060 1.143224  
0.975147 1.470674 1.963092 1.265818 -1.590649 1.547613 -1.793753 -1.276120 -1.446645 1.785346  
2.271718 1.015699 -1.819374 1.362115 -1.741130 -1.500019 1.251974 1.678878 -1.235245 -1.940837  
-1.055048 -1.772706 1.178952 1.845005 -1.376631 1.302225 1.909529 1.892318 -1.956611 -1.109337  
1.151426 -1.165015 1.580048 -1.226811 1.788590 1.641188 -1.656098 1.098858 1.462720 1.460647  
0.299064 1.122489 -1.080795 -1.212645 1.269239 -1.735147 -1.931338 1.040756 1.744056 1.326680  
-0.260602 -1.579494 1.381762 1.926364 -1.622214 -1.683833 -1.149882 -1.680170 -1.821129 1.268084  
-1.296247 -1.119379 1.903394 1.657522 1.427702 1.180096 1.952070 1.954232 -1.437942 1.178314  
-1.006796 -1.256583 1.668469 -1.648167 1.829569 1.579965 -1.919482 -1.190501 -1.859479 -1.470325  
1.601478 -1.150099 -1.410011 1.118126 -1.984927 -1.908109 -1.158587 -1.670024 -1.101446 1.316653  
-1.183401 1.975380 -1.595963 1.976798 1.013905 1.742623 -1.097544 -1.630424 -1.997052 1.355508  
-3.055258 -1.234514 1.428308 -1.030634 -1.222729 1.460768 1.243905 -1.611093 1.602030 1.295309  
-3.316370 1.462065 1.930653 -1.640113 -1.841040 -1.909686 -1.259237 1.089609 1.048738 1.217300  
-0.130066 1.728638 1.114216 -1.551302 1.927623 -1.332182 -1.884543 1.095194 -1.886736 1.742903  
0.999334 -1.613807 -1.796788 -1.677710 -1.823659 -1.116995 1.573077 1.002623 -1.185365 -1.403541  
-0.403232 -1.075625 1.529970 -1.100276 -1.906126 1.144482 1.495767 -1.627218 1.461706 -1.138082  
-1.386681 1.576553 1.100709 1.460309 -1.133100 1.399062 1.599573 1.818716 1.645507 1.546248  
1.164621 -1.188687 -1.449020 -1.550494 1.120834 1.196091 -1.943652 1.093788 1.351819 -1.330436  
-0.331206 1.018556 1.204186 1.147062 -1.756264 -1.401325 1.384041 1.776374 -1.405917 1.743788  
-4.154979 -1.847523 -1.712522 -1.003458 1.495408 -1.549261 1.063393 1.930875 1.405089 -1.117271  
1.215369 1.679788 -1.108608 1.988351 1.783031 -1.041276 -1.672017 1.757571 1.830110 -1.448881  
-2.254954 1.238873 1.565959 1.425894 -1.247685 1.132400 1.061761 1.174222 1.268351 -1.684893  
2.139790 1.849856 1.614968 1.951267 1.368455 -1.770597 1.398290 1.621694 1.179218 1.935296  
0.367079 -1.445837 1.879885 1.822882 1.782631 1.199617 -1.233944 -1.244069 1.656900 -1.293991  
0.386684 1.488733 1.074058 1.958022 -1.158015 -1.680180 -1.961014 1.401282 1.746074 -1.989134  
1.004480 -1.206047 -1.238225 -1.814795 -1.645453 1.920480 -1.173373 1.234711 -1.519640 -1.500707  
-2.362826 -1.426423 1.306902 -1.887964 -1.051869 1.581682 -1.065851 1.749690 -1.237846 -1.199200  
0.723009 1.124236 1.528892 -1.094073 1.551681 -1.726187 1.775665 -1.684798 1.980315 -1.135545  
-0.201229 -1.815991 -1.504956 -1.819788 1.130165 -1.626101 1.138667 1.650077 -1.109285 -1.716091  
-0.668073 1.298698 1.594888 1.197162 -1.556260 1.607387 -1.049933 1.521834 -1.989059 1.297691  
-0.572716 1.922658 -1.674129 -1.166837 1.316884 1.444379 1.325206 1.770407 -1.726575 1.495296  
-0.845991 -1.288957 1.526061 1.905096 1.152413 1.634344 -1.126579 -1.012301 1.129737 -1.584121  
-2.715471 1.102434 1.771578 -1.307366 1.840410 1.780987 -1.905346 1.490891 -1.880735 1.946527  
0.400364 -1.546172 1.137874 1.526062 1.737611 -1.714233 -1.138684 -1.186951 -1.689509 1.408414  
-0.861720 -1.670602 1.259345 -1.633734 1.557482 1.173228 -1.161133 1.881611 -1.277873 -1.566618  
0.071454 1.815162 1.097518 1.566801 1.496430 -1.316945 -1.164617 -1.995737 1.149041 1.564042  
-1.326542 1.862779 -1.456670 -1.669871 1.152062 -1.750027 -1.517341 1.326458 -1.567302 1.401886  
1.887534 1.857143 1.706378 1.457052 -1.482350 1.561941 1.758364 1.062947 -1.169109 -1.949576  
3.452573 1.991090 -1.264793 -1.101507 1.210806 -1.895828 1.222225 -1.112371 1.605850 1.784022  
0.366105 -1.780283 -1.770682 -1.563915 1.576048 1.260963 1.213094 1.032004 1.569600 -1.309982  
0.561956 1.859687 -1.958780 -1.787733 -1.541482 1.652831 1.917717 1.480881 1.276344 1.628191  
0.234212 -1.397747 1.141207 1.249267 -1.563263 1.491214 -1.765058 -1.059298 1.322960 -1.288468  
-0.327763 -1.996442 1.374413 1.024902 1.522119 1.503148 1.542247 -1.851786 1.330647 1.394260  
0.664642 -1.094077 1.236375 -1.149199 -1.000406 1.423777 1.378966 1.755693 1.897541 -1.404136  
-0.266822 -1.500065 -1.808179 1.659387 -1.452905 -1.032735 1.939121 -1.538568 -1.280187 1.734831  
-1.941955 -1.699784 -1.578825 -1.257778 -1.236071 1.896026 -1.569198 1.645693 -1.747942 1.516203  
-0.580892 -1.314054 1.675750 1.473345 1.540389 -1.236531 -1.366783 -1.170221 1.391792 1.421975  
-2.314690 1.297622 -1.714091 1.036489 -1.248395 1.662880 1.101630 -1.904971 -1.829557 -1.733318  
0.349479 1.035767 -1.906164 -1.898882 -1.633988 -1.925819 -1.638857 1.383013 -1.166755 1.814982  
3.554304 1.022273 1.454797 -1.851204 -1.305560 -1.654299 -1.554371 1.845325 1.896055 -1.758491  
-2.665115 1.253945 -1.907750 -1.056869 1.056461 1.489656 -1.349713 1.102479 1.439173 -1.088864  
0.153117 -1.636783 1.433230 -1.553111 1.226314 1.859329 -1.995912 1.995298 1.750232 -1.978167  
2.498238 1.835348 1.979752 1.078241 1.891509 1.163657 -1.910267 -1.522290 1.282547 1.672782  
-0.459926 -1.800239 1.645385 1.286577 1.847705 1.202310 -1.732568 -1.045454 1.975484 -1.131244  
-0.891505 1.296707 1.095341 1.544564 -1.894397 1.886749 -1.749457 -1.664316 -1.482525 -1.790458  
-1.291269 -1.101953 -1.030426 -1.660526 1.271102 1.872903 1.086671 1.762968 1.988606 1.559900  
0.099596 1.164405 1.133637 -1.669177 -1.779614 -1.946393 1.452404 1.943459 -1.195753 1.488740  
-0.423187 1.028757 -1.531254 1.664438 1.099258 1.402864 -1.670987 -1.898471 -1.395990 -1.420787  
-3.573801 1.170857 1.415526 1.962518 -1.718300 1.078135 1.812902 -1.596480 -1.898617 1.864016  
-0.058991 -1.622010 1.834149 -1.960868 1.088130 1.405744 1.748836 1.595102 -1.690917 1.775641  
-4.715369 -1.523271 1.960668 1.165934 1.380670 -1.857159 1.296830 1.022170 1.999652 1.361119  
-0.555045 -1.203196 1.343464 1.277892 -1.355916 1.443597 -1.907310 -1.186572 1.086620 -1.727262  
-0.479134 1.333217 -1.063591 -1.810266 -1.338426 1.151025 -1.938247 1.816651 1.152518 -1.316091  
-1.749764 1.873228 -1.726557 1.923364 1.412306 -1.280467 -1.235047 -1.474050 1.969070 1.361881  
-0.177662 -1.010617 1.867127 1.675659 1.921812 1.528079 -1.751439 -1.125275 1.461106 -1.291173  
0.843799 -1.668175 -1.185323 1.232951 -1.426541 -1.461890 -1.107738 1.276191 1.299775 -1.994510  
2.817245 -1.291475 1.923895 1.173036 1.465389 -1.258413 -1.035848 1.098966 1.068814 -1.375564  
2.537791 1.377597 -1.309961 -1.009352 1.605637 -1.831323 1.526450 1.244277 1.539549 -1.835346  
2.006913 -1.169592 1.020347 1.138539 1.600475 1.584516 1.351557 1.561712 1.615899 1.271254  
0.301979 1.770774 -1.225375 1.551721 1.432364 1.769862 -1.480826 1.231253 1.208012 -1.590334  
2.029853 -1.335712 1.136962 -1.896971 -1.468488 -1.974398 1.270802 1.144791 -1.760223 1.261102  
-2.394674 1.506471 -1.970417 -1.065579 -1.107517 -1.986917 1.830764 -1.226866 -1.220054 1.720587  
-0.885385 -1.731957 -1.440157 1.059044 -1.573261 1.392966 -1.351109 1.221246 -1.637161 1.499956  
2.801172 -1.736091 -1.809503 -1.741229 1.086795 1.718099 -1.156801 1.941724 -1.326804 1.797337  
-0.749580 -1.556905 1.089739 1.993547 -1.064977 1.471579 1.980376 -1.781219 1.170628 -1.819437  
4.135944 1.636282 1.987592 -1.738023 -1.578774 1.214462 -1.725663 1.571708 1.549519 1.542302  
-2.773761 1.622212 1.221551 1.829015 -1.925878 1.649603 1.185987 -1.051208 -1.863891 1.487976  
-0.732751 1.342352 -1.473804 1.865657 1.479315 -1.637819 -1.421840 1.577209 -1.663461 -1.035571  
-2.850128 1.499481 1.971058 -1.414241 -1.339920 -1.277614 -1.604654 -1.714766 -1.534025 1.101782  
4.443476 1.551415 1.999630 1.053613 1.534847 1.252430 -1.774357 1.830184 -1.302601 -1.580364  
-1.761192 -1.307032 1.477943 -1.829754 1.602221 1.025309 1.671135 1.000824 1.705347 1.333857  
-1.785532 -1.829717 -1.338199 -1.663394 1.904326 1.283321 -1.101735 1.802262 -1.612152 1.591647  
0.255584 -1.804975 1.193679 1.905452 -1.860237 1.139221 1.825596 1.921837 1.628839 1.804596  
1.578472 1.584132 -1.678271 -1.510402 -1.018409 -1.504796 -1.719004 -1.816646 1.115571 -1.811709  
3.215306 1.979666 1.919869 1.950799 -1.486733 1.081873 -1.843312 1.246445 1.052399 -1.812006  
1.806139 1.652768 -1.626573 1.490581 -1.191511 1.717951 1.253220 1.939920 -1.599119 1.721797  
0.601995 1.401573 -1.469676 1.011007 -1.404864 -1.592883 1.139814 1.841657 -1.715065 1.508530  
0.551691 -1.059492 -1.924097 -1.060836 -1.890130 1.609068 -1.586303 -1.025667 1.658659 1.578054  
1.812687 1.327282 1.416589 1.765887 1.501178 -1.038229 1.500898 1.023453 1.097133 -1.948211  
1.874017 1.523506 -1.567921 1.509205 -1.585846 1.290104 -1.258196 -1.445033 1.786326 -1.806438  
-0.058667 -1.423209 -1.942388 -1.411230 1.530952 1.026784 -1.916720 -1.851100 -1.099463 -1.711222  
-0.210520 1.130842 -1.618712 1.380544 1.786796 -1.692542 -1.031649 -1.258368 -1.562414 -1.013559  
-3.509629 -1.491240 -1.590633 -1.430401 1.702645 -1.375405 1.142949 1.855968 -1.082122 -1.166699  
-0.308442 -1.141051 -1.974993 1.429182 1.069018 1.630773 1.483083 1.043817 1.464353 -1.763811  
0.471935 -1.317206 1.645463 -1.520452 1.409687 1.596504 1.546393 1.288326 -1.136975 1.058793  
-1.656381 -1.304050 -1.811579 1.717047 1.822086 -1.442931 1.620075 -1.196719 -1.933311 -1.993125  
-0.387493 -1.176179 -1.327184 1.472099 1.182014 -1.670152 1.220459 -1.985593 1.322070 1.307971  
-1.492815 1.582084 -1.511039 1.069114 1.495973 1.787347 1.651868 1.851007 1.428032 1.443211  
1.766318 1.952307 1.087565 -1.106496 1.640542 1.553791 1.165369 1.627616 -1.914678 1.120757  
1.147033 1.310944 -1.871631 1.389888 -1.485059 1.909708 1.946461 -1.413516 -1.799917 1.443661  
2.657610 -1.264500 -1.133326 1.776254 1.588846 1.458655 1.805115 -1.758651 -1.931551 -1.976408  
3.978910 1.755667 -1.748132 -1.962125 1.689194 -1.988506 1.403237 1.723519 1.145122 1.584568  
-0.418883 -1.081783 1.812821 -1.878644 -1.988972 -1.160982 -1.741167 1.898709 -1.085831 1.037347  
-1.011840 1.398698 1.278859 1.206421 -1.621990 -1.157949 1.834212 -1.220673 1.080166 1.391405  
3.040432 1.039747 -1.469035 -1.184833 -1.799290 1.329892 -1.248033 -1.735767 -1.850806 1.950873  
1.010804 1.491571 1.348555 1.214422 1.811560 1.497858 1.158214 1.461462 1.476062 1.182116  
1.887543 1.341262 -1.240597 -1.643400 1.019217 1.564199 1.703096 -1.319784 -1.768013 -1.480371  
-1.815013 1.345501 1.515835 1.925497 -1.453259 -1.267249 -1.619621 1.438242 -1.685539 1.951620  
0.735062 1.457151 1.571589 1.430662 -1.311141 -1.919176 1.889262 -1.749422 -1.071640 -1.396995  
1.280487 -1.846632 1.272754 -1.262371 1.366516 -1.663049 1.729810 1.421442 1.897136 1.641001  
1.169954 1.659452 -1.824853 -1.057497 1.083794 1.421391 -1.118734 -1.268480 -1.552897 1.349781  
1.071286 -1.961843 1.133031 1.776050 1.235389 1.238445 -1.977227 -1.650924 -1.306772 -1.698573  
-1.636716 1.256892 -1.387987 1.673135 1.056223 1.860296 1.035746 1.275716 -1.205424 1.198945  
-0.124894 -1.439338 -1.335287 -1.248125 1.798683 -1.032625 1.066662 1.243243 -1.814890 -1.395532  
2.739078 -1.672178 -1.077968 -1.143818 -1.999660 -1.724205 1.780153 -1.914522 -1.253805 1.757499  
-2.097452 1.014084 -1.079642 1.630655 1.173704 -1.765645 -1.282016 1.088038 -1.385717 1.643376  
0.300719 -1.853855 -1.531124 -1.470212 -1.931024 1.837417 1.017835 -1.216375 -1.108828 -1.992010  
1.929706 -1.395530 1.195478 1.515216 1.715423 1.966573 -1.526173 -1.644812 1.588805 -1.842226  
-0.651130 1.560197 -1.531144 -1.458048 -1.623601 1.922505 -1.207712 1.652051 1.801603 -1.984386  
-0.726975 -1.807067 1.771387 1.909329 1.566903 -1.880020 1.431197 -1.270209 -1.216789 1.602314  
-1.527813 -1.337208 -1.842854 -1.789217 1.156525 -1.161482 -1.724562 1.334416 -1.420429 1.856141  
5.355200 -1.896970 -1.176379 -1.388838 1.895435 -1.233557 1.515971 1.459775 -1.560023 1.003282  
-3.767181 1.198933 1.133314 -1.243106 -1.777093 1.541075 -1.835409 1.198887 -1.605223 -1.404956  
0.318164 1.574408 -1.209278 -1.453673 -1.283175 1.485850 -1.621719 1.052927 -1.218130 1.308776  
-0.425171 1.767615 1.287895 -1.242478 1.554228 -1.393777 -1.285946 1.227952 -1.002368 -1.264525  
-1.827134 1.591312 -1.435157 -1.515333 -1.940271 1.648510 -1.673959 1.566241 1.382628 -1.854973  
-0.175846 -1.069960 -1.216935 -1.237321 -1.979537 1.504845 -1.252221 1.878417 1.740396 1.340664  
-1.278191 1.016219 1.405300 -1.853671 1.391178 -1.724785 1.957394 -1.589427 1.092657 -1.393632  
-0.714549 1.190312 -1.994635 -1.268193 1.462479 -1.415699 -1.598032 -1.572154 1.014377 1.791261  
-1.862000 1.252885 -1.310790 -1.266194 -1.669060 1.475641 1.558304 -1.578470 -1.734682 -1.287970  
-0.178394 -1.877498 -1.135586 -1.056883 1.875478 -1.555519 1.364190 -1.101812 1.650716 -1.078427  
-3.553315 1.317431 1.220022 1.139076 1.742564 -1.151865 -1.130715 -1.251634 1.479015 1.416264  
-1.683279 1.364441 -1.780187 -1.195831 -1.834260 -1.750679 1.828327 1.448229 -1.964012 -1.003053  
-4.229519 -1.904658 -1.184280 -1.411366 -1.464810 -1.017788 1.799413 1.142323 -1.848482 -1.010504  
0.457467 1.544834 1.829294 1.489089 -1.580368 -1.499881 1.647059 -1.739784 1.560832 1.494634  
3.831347 1.647113 1.894651 -1.357794 1.127591 1.425875 -1.129481 1.180745 -1.963773 -1.752080  
-1.643608 1.138860 1.656500 1.640373 1.029793 -1.242973 -1.647429 -1.786766 -1.679523 -1.285213  
0.051443 1.547119 1.681798 1.601114 -1.397697 1.189713 1.605156 -1.368705 1.207217 1.478987  
-1.781774 -1.245583 1.612046 1.333593 1.176910 1.098683 -1.329895 1.332107 -1.373665 1.657264  
-0.912854 -1.331033 -1.175550 1.153227 1.708816 -1.619777 -1.354174 -1.644413 1.897710 1.257789  
0.392199 -1.764388 -1.002273 1.938399 -1.029717 1.147299 1.442640 -1.207705 -1.178070 -1.000957  
4.976019 -1.739786 -1.486095 1.313540 -1.362205 -1.458426 -1.927800 -1.885723 1.319309 1.306010  
-0.323654 -1.665159 -1.931640 1.480615 -1.233795 1.996596 -1.102306 -1.574260 -1.120580 1.972206  
-0.163852 1.441802 -1.653445 -1.317000 1.151647 -1.321780 -1.076319 -1.433858 1.859802 -1.117669  
-0.421972 1.320537 -1.850647 -1.086752 -1.782597 -1.454012 -1.489589 -1.628654 1.223338 1.115789  
0.276404 -1.946418 1.424507 1.652942 1.294749 1.377905 -1.884877 -1.189145 1.593240 1.706750  
-0.686310 -1.617563 1.056576 -1.967478 1.191871 -1.654899 -1.520836 1.405519 -1.981593 -1.229652  
1.579068 -1.967137 1.306000 -1.449472 1.432178 1.275076 -1.316985 1.591477 1.138856 1.653475  
0.585020 -1.091263 1.909692 -1.108400 1.555243 -1.167628 -1.945610 1.098265 1.291046 1.150848  
0.866228 1.490258 -1.318564 -1.394506 1.640689 1.788148 -1.356356 1.445968 -1.376193 -1.157333  
2.115711 1.315753 -1.459726 -1.089640 -1.961755 1.473997 -1.666412 1.686661 1.045989 -1.442396  
-1.908507 -1.969589 -1.109955 -1.751553 -1.969926 -1.417585 1.233847 1.700378 -1.147356 -1.444344  
-3.458881 -1.774826 -1.882596 1.681894 -1.542654 1.615263 1.354834 -1.157307 -1.000411 -1.950938  
1.501147 -1.832684 -1.101861 1.745165 -1.323079 1.358327 1.107850 1.050502 1.594639 1.919031  
1.788033 -1.809095 1.119147 -1.676309 1.875261 1.089895 -1.995769 -1.744599 1.455641 1.346846  
0.750434 -1.132305 -1.838325 -1.777570 -1.915202 1.570257 1.230895 -1.983408 1.345753 1.469600  
-0.910174 -1.914021 -1.482074 -1.380363 -1.148384 1.716435 1.432382 -1.614781 1.031546 -1.703671  
-2.326509 -1.718637 -1.653280 -1.669888 -1.361762 -1.220047 1.698982 1.931460 1.792689 -1.118770  
-3.203547 1.768731 1.683944 1.742122 -1.775863 -1.662239 -1.719721 -1.184660 -1.082920 -1.372034  
5.115945 1.093409 -1.726150 -1.874073 1.336692 -1.459913 1.828048 1.847139 -1.612156 -1.227483  
-3.315200 1.252833 -1.270596 1.127776 -1.292041 1.798198 -1.091891 1.979094 1.916476 1.336880  
1.703644 -1.628892 1.025437 1.186050 1.065291 1.025612 -1.303254 1.855119 -1.715939 1.927367  
-0.069210 -1.294057 1.617172 1.392637 1.126318 -1.786815 -1.526310 -1.646386 1.891737 1.189341  
-1.120227 -1.057372 -1.493399 1.123074 1.895385 -1.217318 -1.776006 -1.952685 -1.784525 1.926825  
-2.514632 -1.883171 -1.129347 -1.152896 -1.361993 1.978111 1.557190 1.157186 1.947973 -1.259927  
-0.705017 1.221448 -1.988620 -1.499884 1.519454 1.683988 1.140349 -1.195442 -1.096717 1.290779  
0.802811 -1.066673 -1.304373 1.298355 1.504119 -1.095704 -1.035527 -1.941527 -1.491285 -1.797292  
1.884435 1.605032 1.048440 -1.278164 -1.148813 -1.603867 1.837833 -1.087154 -1.894398 1.394553  
2.820817 1.233338 1.807409 1.003464 1.616275 -1.309433 1.282036 -1.492863 -1.714940 -1.475632  
-0.663425 1.703141 1.750039 -1.320011 1.175803 -1.042955 1.204820 -1.098911 -1.451157 1.310923  
2.232501 -1.551826 1.534822 1.515642 -1.815717 1.113514 -1.070773 1.333491 -1.606950 -1.465249  
-0.540527 -1.902347 -1.784496 -1.585115 1.103633 -1.303084 -1.516395 -1.191929 -1.899599 -1.300979  
0.841805 1.871003 1.231148 1.590430 1.857996 -1.620851 -1.563883 -1.798947 -1.524456 -1.584032  
-0.943968 -1.634851 1.742027 1.847711 1.534352 1.356942 -1.563183 -1.002816 1.432440 1.632429  
0.614320 -1.516498 1.776479 -1.561188 1.699507 -1.929023 1.032338 1.776100 -1.390655 -1.415991  
1.222487 -1.158204 -1.000879 1.130015 1.754266 1.723755 1.015725 -1.616000 -1.555699 1.093138  
-0.742722 -1.234811 1.586035 1.129111 1.634723 1.901698 -1.318036 1.742908 1.220921 1.752233  
0.555308 -1.378378 1.716242 -1.443294 1.171566 -1.527146 1.558593 1.848722 1.772868 -1.121319  
0.091808 -1.814815 1.082918 -1.159886 -1.430644 -1.279026 1.388108 -1.717102 -1.651781 -1.376291  
0.832234 -1.317323 -1.665394 1.400048 -1.143879 -1.845853 1.544383 -1.507786 -1.218390 1.931140  
0.321919 -1.715045 1.867569 -1.072250 -1.592542 -1.342698 -1.351978 1.544789 1.826066 -1.455634  
-0.135396 1.636760 -1.962155 -1.637886 1.812218 1.829579 -1.779191 -1.359910 1.976771 1.166111  
1.999092 -1.858682 1.168829 1.250052 -1.348307 -1.964840 -1.007174 -1.825095 1.746145 -1.149874  
-3.409265 -1.950373 -1.524077 -1.457959 1.742443 1.070161 -1.132878 -1.855825 1.332314 -1.296602  
1.460202 -1.495131 -1.863042 -1.788066 1.783207 -1.167550 1.917393 1.626413 1.428205 -1.942319  
0.887827 1.793793 1.941324 1.143027 -1.755494 -1.954259 -1.701071 1.385795 1.769615 -1.173299  
-2.072470 -1.368037 -1.458772 1.470665 -1.078821 1.057625 -1.425464 -1.628583 -1.501035 -1.640426  
-1.317478 1.823587 1.044074 -1.476422 -1.383244 1.366512 1.990570 -1.524240 -1.728998 -1.336318  
-0.372697 -1.595083 1.245361 -1.200142 1.995275 1.002926 -1.435252 -1.118822 -1.035895 1.293015  
-1.125654 -1.914185 -1.394076 1.684875 -1.433331 -1.930894 -1.415137 1.674574 1.749642 -1.406894  
0.921182 -1.951429 -1.236333 1.629861 -1.665494 -1.691367 -1.582403 -1.145992 -1.043978 -1.099554  
1.750852 1.318529 1.556424 -1.927695 1.867818 -1.050981 -1.744408 1.733636 1.072661 -1.252969  
-0.913068 -1.648614 -1.549889 -1.845255 1.625473 1.071175 1.975256 -1.744730 -1.382806 1.837745  
-4.952854 1.833725 -1.891137 -1.732163 -1.930858 1.701954 -1.929469 1.086006 1.145175 1.073224  
1.955730 -1.248182 1.534102 -1.383007 -1.665337 -1.167532 1.109479 1.423773 -1.568618 1.964415  
-1.806446 1.716706 1.016937 -1.549894 1.733973 -1.932760 1.767517 -1.461370 -1.173854 1.218527  
-2.664042 1.511541 1.387317 1.175224 -1.091250 1.455411 1.806008 1.302855 -1.974829 1.985057  
-0.096603 1.318845 1.098758 1.545005 1.624592 1.111803 -1.149591 1.864328 1.558658 1.492843  
-1.521834 -1.882227 -1.120371 1.808145 -1.037832 1.804001 -1.711019 -1.757085 1.903061 1.082389  
-2.655974 1.217373 -1.817535 -1.752121 -1.121254 1.026102 1.193217 1.285645 -1.093412 1.408787  
2.060377 1.644944 -1.335635 1.407788 -1.704119 -1.766349 1.684368 -1.984954 1.065424 -1.878097  
4.001400 1.487124 -1.812529 1.488844 -1.866560 1.037185 -1.110419 1.351563 1.084158 -1.684750  
-1.101135 -1.558018 1.434822 1.435799 -1.280047 -1.686925 1.218096 1.437341 1.946820 1.936566  
1.542417 1.566931 -1.655880 1.380289 1.677845 1.528316 1.516139 1.861267 1.629307 1.451208  
0.451362 1.171440 1.312183 1.859685 1.534966 -1.072381 -1.770003 1.293017 -1.557807 -1.165922  
1.037386 -1.163024 1.780573 1.205446 1.321358 -1.319234 -1.794786 1.761380 -1.099454 1.365970  
-0.333801 1.993202 1.077665 1.613202 -1.959525 1.871125 1.473362 -1.952354 -1.058440 -1.663815  
1.479209 -1.312120 -1.473722 -1.716208 1.694565 -1.207597 -1.520530 1.299200 1.487018 -1.233668  
0.807260 1.144412 -1.138941 1.418822 1.254567 1.577180 1.065685 -1.678259 1.962800 -1.112583  
-0.093490 -1.769247 1.520978 1.595370 1.980849 -1.454538 -1.933830 1.837261 1.695717 -1.270153  
-0.669009 -1.019303 1.736634 -1.943810 1.092029 1.356800 -1.376572 -1.565848 1.194494 -1.905546  
4.621294 1.847716 -1.959034 -1.996858 1.941060 -1.605035 1.114345 -1.684182 1.321901 -1.550413  
0.773993 1.982602 1.033259 -1.958506 1.709668 1.403095 -1.224135 1.624010 1.935788 1.837920  
2.069256 -1.156626 1.067293 1.853202 1.468799 -1.803123 -1.310827 -1.214139 1.334176 -1.571839  
-3.267696 -1.743768 -1.225746 1.444000 -1.988646 -1.038381 1.724875 -1.878748 -1.035815 1.181363  
-1.852625 -1.657798 -1.770212 -1.790478 -1.044581 1.148232 -1.337251 1.342109 -1.259777 -1.724531  
-2.617359 -1.124948 1.957919 -1.585074 -1.735647 -1.498349 1.750923 1.317604 1.028083 -1.625523  
-0.118543 1.153942 -1.665754 1.370647 -1.282160 1.173955 -1.858090 1.143095 -1.302599 -1.809744  
-0.021576 1.909457 1.464240 -1.766665 -1.335142 -1.564988 -1.165943 1.613192 1.214982 -1.757229  
-2.455777 1.847332 -1.230086 -1.753117 -1.718596 -1.570931 1.870954 -1.458732 -1.707449 1.827517  
0.479311 1.848133 -1.111436 -1.615225 1.445164 1.823559 -1.303637 -1.461288 1.661318 -1.066409  
1.249804 1.593116 1.117728 1.983414 -1.277245 1.867769 -1.203437 -1.678359 -1.177227 -1.641290  
0.690317 -1.146572 -1.135741 1.503398 -1.822265 1.176973 1.207146 -1.247751 -1.821938 -1.150051  
-3.124763 -1.994014 1.733722 -1.560407 -1.965956 1.533339 -1.666547 1.601668 1.287771 -1.599347  
0.730307 -1.709567 -1.546409 1.206893 1.188484 1.467530 -1.374764 1.476115 -1.133915 1.019434  
-1.162460 1.731865 1.232684 1.707056 -1.438599 -1.630491 1.082722 -1.995490 -1.297376 -1.997478  
0.238431 1.716441 -1.926551 1.042576 -1.229079 -1.160338 -1.614783 1.372068 1.225736 -1.367921  
-0.466158 1.777806 -1.338470 1.097380 1.975679 -1.121706 1.559866 1.469097 1.030703 1.546885  
0.296893 -1.727082 -1.599426 -1.035931 -1.178274 1.489496 1.402264 -1.032048 -1.040599 -1.376579  
-1.240860 -1.551284 1.336431 -1.270571 1.532054 1.626917 -1.524678 -1.294202 -1.453149 -1.949265  
1.014941 -1.195222 -1.706064 1.876984 1.356699 -1.762940 1.751847 -1.365138 1.334606 1.455413  
-0.187897 -1.972397 1.436329 -1.101945 1.596733 -1.520902 -1.489971 1.466969 -1.943395 1.942697  
0.395124 -1.881078 -1.019862 1.437642 -1.881924 -1.221128 -1.975385 1.312929 1.460125 1.301193  
-0.135873 1.387577 1.538219 1.152090 -1.198500 1.781706 -1.800425 -1.145378 1.909000 1.174755  
-0.095775 -1.126011 1.589408 1.863173 -1.853813 -1.106391 -1.986461 -1.275952 -1.348515 1.006293  
0.091385 1.343030 1.450784 -1.143543 -1.071428 1.150708 -1.714181 1.998962 1.715658 -1.353122  
-3.603669 1.889369 1.953481 -1.537643 1.593364 1.849012 1.331937 1.439449 -1.680450 1.142505  
2.211634 -1.299381 -1.569931 1.919059 -1.160479 1.855061 1.731694 -1.199944 -1.909750 1.987172  
-0.936913 -1.619308 1.028226 -1.396182 -1.641749 1.460554 -1.831899 -1.158508 -1.058279 -1.687419  
-0.620147 1.405739 1.286909 -1.766617 -1.343271 1.699773 -1.589972 1.238256 1.377838 -1.326874  
-1.563648 1.562626 1.547364 1.406852 1.798701 1.824400 -1.636750 1.229891 -1.835822 -1.120318  
1.100195 1.803887 -1.139171 1.958467 1.676581 -1.536597 1.072770 1.854727 1.820356 1.225776  
-0.593423 1.767507 1.280315 1.916258 1.993906 -1.295228 -1.856667 -1.084471 1.141259 1.512847  
-0.715974 1.667544 1.148666 1.021184 1.783851 1.588080 -1.297136 -1.132300 -1.352985 -1.693587  
-2.374542 -1.091093 -1.087931 -1.937639 1.218503 1.047030 1.499930 1.947833 1.236846 1.617619  
-1.289266 -1.160397 -1.561285 -1.090564 1.341256 -1.261161 1.772967 1.368191 -1.527818 1.090088  
1.132594 1.293104 1.851692 1.904844 1.209955 -1.109234 -1.728161 -1.939045 1.562328 1.203717  
1.474633 -1.329974 1.817132 -1.447625 -1.003996 -1.091271 1.674832 1.016561 -1.625314 -1.615062  
-0.225481 -1.261200 1.993927 1.461476 -1.229855 -1.459839 -1.130072 -1.630343 1.487978 1.292154  
0.471259 1.252287 -1.767801 1.817037 -1.190252 -1.228383 -1.156395 1.806149 -1.689829 1.706578  
2.630802 1.963299 1.956229 -1.010093 1.671610 -1.936180 -1.685672 1.577805 1.457315 -1.846587  
1.564102 -1.281687 -1.564553 -1.133659 -1.355460 1.174065 1.006652 1.351167 1.731006 1.407087  
0.678962 1.689907 -1.531735 -1.802652 1.662554 1.636616 1.724209 1.472832 1.006138 -1.543144  
-0.213907 1.649875 1.854573 -1.416259 1.362302 1.988194 -1.166614 1.374988 1.945813 -1.687398  
1.563664 -1.097863 1.242317 -1.839850 1.177185 -1.610052 -1.100203 -1.077289 -1.260968 1.540355  
-0.768077 1.649079 -1.206650 1.181859 1.201706 1.760831 1.193271 -1.579672 -1.429389 1.684042  
1.402087 1.230484 1.554021 1.857493 -1.801322 1.438259 -1.926397 -1.601727 1.111404 -1.285511  
0.631556 1.341694 1.905036 1.281701 1.340887 -1.940998 1.259837 -1.046119 -1.479256 -1.628847  
-0.840354 1.398795 -1.154444 -1.360904 -1.784108 1.578958 -1.692757 -1.283063 -1.842017 1.932218  
0.122179 1.326305 1.044699 1.604202 1.276037 1.804533 1.300155 1.805354 1.203851 1.720447  
1.467476 1.424909 1.220056 1.103224 -1.272736 1.244977 -1.908659 1.593586 1.943706 1.477312  
-0.278441 -1.797240 -1.485173 1.185589 1.768852 -1.676982 -1.205441 1.086957 -1.809863 1.487570  
-1.233194 -1.885841 1.303829 1.087639 1.677214 -1.467278 -1.846796 -1.839041 -1.867112 1.020993  
2.596969 -1.217490 -1.799866 1.561604 1.494627 1.692327 1.781720 -1.854532 -1.057594 1.333084  
0.028492 1.842858 1.064880 1.685888 -1.706530 -1.567957 1.404856 -1.773303 1.089895 -1.814450  
-0.472268 -1.304772 -1.084943 -1.251348 1.101475 1.877345 -1.384795 -1.962517 1.402103 1.381668  
-0.595886 1.745829 1.735073 -1.964863 1.854038 -1.409490 1.286089 -1.403918 1.873566 -1.513570  
-1.154333 1.583640 1.111119 1.074168 1.194561 1.621855 1.405461 1.309987 -1.886816 -1.965502  
-2.860072 1.978972 1.089253 -1.711285 -1.038155 -1.937861 1.615769 1.902347 1.067657 -1.240110  
-0.272263 -1.812064 -1.229649 1.978347 -1.396902 1.857318 1.318840 -1.791317 -1.219179 1.370913  
0.981755 1.535188 -1.830275 1.070114 -1.414050 -1.160151 -1.172189 -1.684214 1.094266 -1.518301  
0.432248 1.942234 -1.211909 -1.333344 -1.236153 1.688422 -1.013031 1.306834 -1.661144 1.741239  
0.786930 1.921595 1.873604 -1.261198 -1.268370 -1.459039 -1.155119 1.800031 1.134823 1.798116  
1.640714 1.334584 -1.710148 1.693970 -1.018367 1.446486 1.336598 1.564899 1.973890 1.178073  
0.428836 -1.117041 1.038384 1.127742 1.050447 -1.544183 1.412397 -1.738743 1.520186 1.493837  
1.882700 -1.244092 -1.308405 1.414721 1.635087 1.524556 -1.229905 1.001397 1.558669 -1.441496  
-2.843896 1.497196 1.864447 -1.589939 1.668651 1.923186 1.024101 -1.741091 1.976269 1.614801  
1.091189 1.852040 1.780954 -1.246800 1.982576 -1.948740 -1.673976 1.504968 1.681875 -1.923055  
-1.525284 1.887099 1.013519 1.535291 -1.784003 1.601144 1.289449 1.511119 -1.306621 -1.410026  
-0.215977 -1.326771 1.804702 1.658612 -1.926647 1.837104 -1.427909 -1.308117 1.352394 -1.431216  
5.029431 1.669004 1.485544 1.353351 1.938041 -1.081361 -1.122143 -1.504446 1.239871 1.413422  
1.070681 -1.271850 1.974728 1.614064 -1.423375 1.463518 -1.077640 -1.699824 -1.312645 1.355348  
1.493159 1.634943 1.844842 1.865539 -1.302448 -1.251231 -1.529486 -1.219810 1.103048 1.831336  
1.984431 -1.943298 1.427377 1.519976 1.696296 1.990709 1.312034 1.451543 1.765041 1.241589  
0.389002 1.114663 -1.015901 1.629743 1.168346 1.645371 1.755933 1.004291 1.231790 1.923332  
-0.407164 1.440934 -1.539694 -1.868503 -1.209559 -1.372224 -1.602911 -1.931129 -1.821360 1.737760  
-3.796759 -1.037205 1.971799 -1.961194 1.565764 1.131675 1.798567 -1.676984 -1.465087 -1.642996  
0.643647 -1.480247 1.502107 -1.877300 -1.972249 1.313174 -1.998191 -1.772083 1.391876 -1.173579  
0.480231 -1.922997 1.877864 -1.754630 1.145467 1.017596 1.412845 1.059532 1.909220 -1.238420  
0.208318 1.875668 1.901973 -1.520072 -1.381027 -1.251489 1.998906 -1.415199 -1.774466 1.219720  
0.271473 1.720977 1.735160 1.895252 1.717341 -1.525848 1.685265 1.819316 -1.049266 1.881087  
-3.376457 1.429123 -1.307061 1.908715 1.014151 1.001461 1.365752 1.561905 -1.502947 1.745292  
0.367391 -1.489522 1.672655 -1.863332 1.648225 1.152215 -1.876994 1.713210 -1.425660 -1.265583  
1.100535 1.021416 1.989482 1.217025 1.040478 1.712717 -1.233456 1.907401 -1.511076 -1.628034  
0.060623 1.840565 -1.361586 -1.576201 -1.175700 -1.227057 -1.108828 -1.042173 1.831795 1.590739  
-1.256867 1.503581 1.505694 -1.361082 1.181714 -1.176071 -1.769364 1.089010 1.570412 1.918197  
0.027979 1.672172 -1.393728 1.714132 1.973542 -1.097798 -1.608326 -1.650025 1.012359 1.130791  
-8.407164 1.890937 -1.323499 1.900538 -1.645157 -1.640022 1.963990 -1.767974 1.026539 -1.583242  
1.306792 -1.195136 1.282417 -1.509322 -1.856269 -1.488849 -1.946975 -1.626079 1.359733 1.164385  
-0.639532 1.157042 -1.116601 -1.667060 1.407122 1.143221 -1.931341 1.589399 1.183517 1.508535  
1.039922 -1.896278 -1.377170 1.956285 1.048975 1.741794 -1.925076 1.703670 1.823853 1.184818  
0.493930 1.425072 -1.666395 -1.766132 -1.113193 1.889699 -1.272051 1.537838 1.308335 1.386125  
0.467499 1.751638 -1.026756 1.581546 1.826037 -1.081583 1.094402 1.999442 -1.521125 -1.610709  
-3.171814 -1.486346 1.286385 -1.961512 1.518306 -1.952030 1.475556 1.672966 1.158975 1.352921  
-3.848080 1.432081 -1.941158 1.876075 -1.197096 1.096602 -1.987192 -1.549627 -1.607131 1.868297  
1.805165 -1.258535 1.523994 1.836645 -1.186013 1.667980 1.624070 1.322166 1.531583 1.027512  
0.776962 -1.966016 1.707061 -1.945794 1.026783 1.439629 1.634416 -1.219892 -1.629665 -1.841378  
-1.119508 -1.022566 1.609419 1.435400 1.542973 -1.869681 1.587025 -1.900215 -1.351340 -1.608278  
0.663736 1.263682 -1.746072 1.452925 -1.540110 -1.191415 1.803662 1.656385 -1.558714 -1.554083  
0.219665 -1.329685 1.259462 -1.435807 -1.075909 -1.988924 1.091992 1.030524 -1.736179 1.213801  
1.252620 1.062502 -1.619198 -1.994497 -1.810671 1.279599 -1.972344 -1.507089 1.839185 -1.842607  
4.328258 -1.651102 1.084137 -1.917038 1.165075 -1.096605 1.536055 -1.524244 -1.877993 1.333165  
-2.628605 1.054032 -1.222049 1.271470 1.504017 1.976328 -1.945609 -1.569972 1.309056 1.850061  
0.480426 1.416960 1.105772 1.309157 1.459944 -1.672429 1.255087 -1.566928 -1.287582 1.538370  
2.997836 -1.282597 -1.142128 -1.927831 -1.339578 1.925315 1.724559 -1.111330 -1.283479 -1.814096  
-2.702767 1.270687 1.212986 1.795033 -1.676014 -1.292167 1.848100 1.526576 -1.427332 -1.441411  
-1.195376 1.724337 -1.709002 -1.787188 -1.256155 1.735904 -1.087810 -1.636862 1.844207 -1.801364  
1.181951 1.148711 -1.668294 1.603626 -1.129693 -1.862537 1.411765 1.318849 -1.422541 1.113248  
0.882413 -1.997660 1.855744 -1.095928 1.066418 -1.220172 -1.990822 1.445115 -1.044169 -1.754743  
-2.268337 -1.535854 1.204154 1.626311 1.960741 -1.305390 1.588712 1.463195 1.937572 -1.144407  
-0.174786 1.835706 -1.733461 1.106354 1.329562 -1.951493 1.478377 -1.928886 1.342051 -1.309226  
-0.872394 -1.970855 1.917665 -1.327925 1.993173 -1.859226 -1.836910 1.896824 -1.975751 -1.348002  
1.851261 1.728655 -1.786841 1.025183 1.212737 1.431684 -1.949024 1.390962 1.836590 -1.721925  
-1.442112 -1.279351 1.276081 -1.598500 1.179353 1.557146 -1.245996 1.386281 1.943340 1.161729  
1.076721 1.663571 -1.995953 -1.561585 1.773420 -1.662306 1.864660 1.992767 1.117833 1.392574  
0.151359 -1.340815 -1.235520 1.816600 1.138560 -1.334937 1.571743 1.579330 1.053041 1.400239  
-0.304633 1.791098 1.004202 -1.429827 -1.375131 -1.419221 1.772120 1.696662 -1.487131 1.186500  
-0.033634 -1.510123 -1.519945 -1.631031 1.230368 1.399446 -1.093814 1.943879 1.974408 -1.220051  
-1.410805 -1.262438 1.399307 -1.975868 1.472363 1.512128 1.683805 1.027291 1.111704 -1.776735  
0.798210 -1.996866 -1.366724 -1.881422 1.314451 1.690672 -1.740744 1.478786 -1.912211 1.026488  
0.476925 1.348530 -1.560867 -1.504576 1.034143 -1.014644 -1.457491 -1.507140 -1.952255 -1.165348  
-0.039868 -1.777265 -1.809130 1.370829 -1.710705 1.105916 -1.935933 1.628552 1.830267 -1.169372  
-0.345644 1.588145 1.195525 1.696146 1.483847 -1.414486 1.717515 -1.204659 1.447802 -1.247986  
3.577145 -1.486233 1.808348 1.405538 1.247914 -1.503025 1.758925 -1.534283 1.186455 1.102230  
-2.290366 -1.644183 -1.708468 -1.336083 1.424330 1.314777 -1.937972 1.305873 -1.915795 1.384935  
-0.913323 -1.826062 1.979130 1.999696 1.590775 -1.835887 -1.618643 1.492138 1.328912 1.483380  
-0.354502 -1.150377 1.599167 1.096583 -1.167660 1.678672 1.369478 1.499226 1.865080 1.514194  
0.408999 1.138554 1.830150 -1.546601 -1.458913 -1.912304 1.828139 1.221467 -1.518931 1.942268  
1.383594 1.140572 1.125673 -1.517653 1.138720 -1.446608 -1.381928 -1.959059 -1.215854 1.371140  
0.142807 1.545972 -1.346126 -1.791085 1.085490 1.551648 1.354293 1.054103 -1.332018 1.470719  
0.420501 1.210306 -1.502489 1.197609 1.675024 -1.393111 -1.852194 -1.574445 -1.706523 1.063377  
-2.209697 -1.677069 1.307245 1.933141 -1.302928 -1.110002 1.321187 -1.892062 1.489673 -1.542019  
0.656261 1.375362 1.874213 1.708934 1.315337 1.372748 1.387336 1.867396 -1.780989 1.333844  
-1.359031 -1.990448 1.764155 -1.349261 1.972181 1.418524 1.826409 1.141215 -1.743694 1.281357  
0.499999 -1.473252 1.703922 -1.704376 -1.141186 1.568827 -1.482066 -1.871168 1.441785 1.500048  
-2.073406 -1.044567 1.712459 -1.638740 1.035931 -1.515185 -1.574201 1.668184 1.329085 -1.763033  
-0.360743 1.815854 1.891136 -1.139067 -1.907451 1.746888 1.557688 -1.957278 1.977237 1.726300  
0.064478 -1.671557 -1.229922 -1.368438 1.712301 -1.029277 -1.463331 1.015927 1.532154 -1.687389  
1.349876 1.458765 1.225731 -1.621945 -1.012060 -1.216134 -1.589731 1.618489 -1.227432 1.378659  
-2.007695 1.062813 -1.253068 -1.936196 -1.233734 -1.224827 -1.057861 1.379640 -1.099633 1.486560  
-0.619785 1.639866 1.590385 1.759214 1.245281 -1.757550 1.545810 -1.945407 -1.899103 1.584100  
0.020755 -1.160680 -1.492518 1.846642 1.541905 -1.703844 1.035897 -1.831296 1.602066 -1.444100  
0.986434 1.211025 -1.022013 -1.073071 1.038036 1.053953 -1.466098 -1.106275 -1.754952 1.550766  
-0.914304 -1.188593 -1.598321 1.948299 -1.610399 -1.047733 1.594049 -1.612974 1.415191 1.537178  
-0.648991 -1.996452 1.805763 -1.767930 -1.055645 1.857573 -1.573307 -1.663782 -1.066054 -1.372015  
-5.403574 1.015234 -1.678507 1.214592 1.314254 1.546926 -1.342901 -1.466786 -1.646106 -1.709380  
0.214466 1.043516 1.613118 1.298347 -1.319379 1.355624 -1.090110 -1.922388 -1.999067 1.862315  
2.078034 -1.970792 1.952619 -1.380315 1.672293 1.300475 1.656648 1.352424 -1.051288 1.948937  
-0.748571 -1.694525 1.675420 1.179860 1.753893 -1.987808 -1.451415 1.874294 -1.396178 1.002758  
-0.644170 -1.294177 1.647223 1.270718 -1.297372 -1.069178 1.524216 -1.029747 -1.380617 1.874122  
-1.089134 1.777153 -1.820529 1.107230 1.906057 1.285179 1.413222 1.251314 -1.225956 -1.758957  
1.054749 1.141832 -1.591838 1.465537 -1.381187 -1.106964 -1.201589 -1.336165 -1.535565 -1.238825  
0.214352 1.691984 -1.103359 -1.027051 -1.465329 -1.852643 1.614142 -1.472916 1.166055 -1.178434  
-0.953844 1.180210 -1.169516 1.501819 -1.959769 -1.146703 -1.264649 -1.479759 1.781985 -1.697323  
-0.881743 1.454328 -1.544441 1.112938 -1.865697 -1.257737 -1.576769 1.623511 -1.954321 1.451366  
1.865833 -1.427243 -1.436756 -1.498632 -1.413811 1.466054 1.745921 1.613586 1.847626 1.000857  
-4.005132 1.857134 -1.696540 1.340950 1.605975 -1.564952 -1.390386 -1.602575 1.899197 -1.045883  
-0.860848 -1.019636 -1.432319 -1.333445 1.359747 -1.993269 1.592895 -1.972308 1.331047 1.940296  
-2.136763 -1.408973 -1.497443 -1.323102 -1.112755 -1.709648 -1.880923 1.453000 -1.362508 -1.593188  
-1.985386 -1.099898 1.436859 -1.003076 1.385464 -1.704929 1.448620 -1.986999 -1.125450 -1.342703  
0.749578 -1.648121 1.781637 1.873251 -1.887565 -1.866399 1.052895 -1.721952 1.038502 -1.257662  
0.700961 1.915005 1.076493 1.063085 1.212106 -1.440146 -1.458140 1.451202 -1.189388 -1.383921  
1.330305 1.085265 -1.216617 -1.333541 -1.532245 1.679085 1.553794 1.317667 1.496095 -1.832228  
1.304191 -1.599394 1.360642 -1.484456 1.375048 1.626983 -1.118697 -1.009725 -1.519465 1.590433  
2.657463 -1.252356 1.863609 -1.118549 -1.950775 1.067905 1.223152 -1.981994 -1.717894 -1.133823  
-0.686433 1.258881 -1.473055 -1.788838 1.611873 1.044230 -1.648788 1.034605 -1.866609 1.872102  
-2.154280 1.554698 1.607306 -1.910878 1.003142 -1.418142 1.805508 1.791492 -1.945629 -1.271082  
3.167697 -1.103844 -1.611899 -1.120786 1.291603 -1.295892 -1.932895 1.722619 1.387281 1.865400  
0.745503 -1.728391 -1.960565 1.762268 -1.100214 -1.463695 -1.348663 -1.668203 1.705987 1.439070  
1.276636 1.393126 1.585551 1.254972 1.749243 1.363255 1.403914 -1.911146 1.611529 -1.270672  
0.879725 -1.771557 -1.301905 -1.015990 1.228749 -1.005483 -1.190021 -1.725397 1.514355 -1.748404  
-2.189026 -1.691039 1.203304 -1.869133 -1.275599 1.526576 -1.874172 -1.037793 -1.737893 1.183969  
0.035374 1.977267 -1.588062 1.474435 -1.683032 1.366015 1.334498 1.288426 1.659239 -1.352635  
-0.859880 1.917203 1.177345 1.347613 1.008779 1.881879 1.721035 1.216485 -1.561809 1.411515  
2.360431 -1.028613 -1.834584 -1.786060 -1.474598 -1.428662 -1.017907 -1.943499 -1.300860 1.110489  
1.534707 -1.827260 1.851514 -1.852826 -1.734666 1.658163 1.041872 1.896683 -1.003815 -1.370280  
1.526119 1.250376 1.144806 -1.034596 -1.484986 1.755305 -1.137453 -1.851409 1.626311 1.402290  
3.428273 -1.009402 1.747229 1.886904 1.588828 1.229457 -1.056126 -1.249610 1.673707 1.646598  
-0.284742 -1.466372 1.984468 -1.555712 -1.022016 -1.971756 -1.018454 1.001041 1.887244 -1.516727  
-1.773319 1.886338 -1.226016 1.402187 1.420155 1.058414 -1.450688 1.416191 1.842568 -1.045935  
2.585218 -1.855177 1.998850 1.714041 -1.744164 -1.362166 1.976952 -1.090550 1.384452 -1.102689  
0.166469 1.654053 -1.685890 -1.427365 -1.042147 -1.393042 1.490992 -1.920410 1.104438 -1.375935  
1.859335 1.737897 -1.986604 1.045138 1.321183 1.175663 -1.308931 -1.854914 1.899960 -1.523280  
1.128596 1.914158 1.164542 1.736413 -1.469019 1.117582 -1.850450 1.176409 1.683926 1.208111  
-0.534896 -1.867814 1.213490 -1.673129 1.005007 -1.055557 -1.112731 1.007159 1.804283 1.546253  
1.781816 -1.607541 -1.519314 1.543425 1.005498 -1.208349 1.135309 -1.053181 1.798891 1.462248  
2.479867 1.564486 -1.487520 1.312722 1.315216 -1.565105 1.522810 1.877508 1.956596 1.245364  
-1.568234 -1.336967 -1.529876 1.656575 -1.116458 -1.132666 -1.636628 -1.074625 -1.268796 1.415951  
-1.118320 1.755150 1.153702 -1.811258 1.053591 -1.072392 1.510336 1.533836 1.799508 1.368980  
-0.803696 1.955142 1.198798 1.070012 1.417115 -1.051608 1.467021 1.432571 -1.439416 -1.731021  
-0.845149 -1.719067 -1.212773 -1.850999 -1.443315 -1.928246 -1.721625 1.698415 1.913155 -1.388019  
-1.075331 -1.993708 -1.246384 -1.342134 -1.670108 -1.178808 1.876569 -1.781347 -1.150777 -1.101623  
1.752957 -1.346643 -1.913257 1.494375 -1.813484 -1.156682 1.322019 -1.789286 1.576669 1.254204  
-1.357938 1.217337 1.330886 -1.170487 1.631031 1.075755 -1.301979 1.057307 -1.467455 1.041648  
-0.265246 -1.348814 1.348720 -1.324497 -1.269521 -1.172166 -1.011713 -1.555241 -1.388188 1.824261  
6.134097 1.502575 1.322415 1.515052 -1.111563 1.070810 -1.755031 -1.301731 1.557724 -1.029140  
-1.355763 1.301341 -1.590809 1.559241 -1.582310 1.998216 -1.283519 -1.879963 1.060672 1.395804  
2.981146 1.717872 1.886238 1.810497 1.645832 1.271207 1.040942 -1.067404 -1.429131 1.610749  
-4.580341 1.591587 1.109755 -1.899600 1.866565 1.342661 1.762017 -1.525025 1.080136 -1.092217  
-1.549501 1.576730 1.935972 -1.847852 1.270779 1.376543 -1.067565 1.574592 -1.439680 -1.347746  
1.206034 1.124524 1.750940 1.179869 -1.985072 1.557044 -1.635510 -1.376331 -1.777907 1.936585  
0.766596 1.329611 1.281259 -1.927669 1.378396 1.027184 1.965822 -1.679606 1.801258 1.547838  
-1.887228 -1.946560 1.238655 -1.338552 -1.547074 1.065248 1.588266 -1.980207 -1.299062 1.590463  
-1.494200 -1.825451 -1.769355 1.865877 1.364532 1.356943 -1.518597 1.263164 1.626394 -1.773815  
1.962965 -1.403326 -1.233921 -1.334643 -1.291410 1.210442 -1.542753 1.623817 -1.540950 1.882722  
2.235686 1.401575 1.543168 -1.179258 1.266455 -1.343029 -1.792135 -1.608427 -1.129889 1.559039  
1.884936 1.896001 -1.805374 1.723039 1.009512 -1.251806 1.845426 -1.334926 -1.318120 1.558156  
-0.131163 1.727884 1.647541 -1.285447 1.279382 -1.198728 1.613967 1.558489 1.614547 1.765666  
2.063354 1.536979 1.670854 -1.121310 -1.386088 1.573550 -1.580652 1.112735 1.637745 1.005622  
-1.138109 1.064685 1.299079 1.275977 1.904703 -1.537685 1.059115 -1.524709 1.946569 1.718943  
-0.728673 1.186002 -1.593927 -1.134330 -1.696919 -1.148798 1.344302 1.796222 1.836657 1.557007  
-2.052094 -1.533353 -1.169356 -1.902925 1.704082 1.448581 1.914361 1.935706 1.933320 1.739959  
-1.324994 -1.569826 1.102239 1.197672 -1.438247 -1.680257 1.849371 1.725044 1.271672 -1.134651  
-1.099488 -1.005323 1.217816 -1.672485 -1.011066 1.781376 1.301201 -1.775345 1.717250 -1.342337  
0.982967 1.707585 1.236203 1.595795 -1.060596 1.483631 1.313679 1.474629 -1.429983 -1.682631  
0.239368 1.662103 1.815209 -1.264199 1.410466 -1.687956 -1.629129 -1.715230 1.828169 1.373209 