-11.758004 1.755605 1.532767  
-3.008471 -1.679296 -1.383502  
1.592484 -1.053462 -1.671149  
-0.475076 -1.417486 -1.588977  
1.704849 1.091965 -1.415999  
2.317559 -1.262453 -1.736082  
0.543553 -1.991037 1.247039  
0.957697 -1.651519 -1.631635  
-0.980917 -1.766495 1.237774  
-0.578556 1.486517 -1.909208  
2.250029 1.516292 -1.986642  
-1.014273 -1.947764 -1.500707  
-0.958983 1.529747 1.940980  
1.160999 1.827817 -1.015868  
1.885549 1.736225 1.999458  
-1.190358 1.351015 1.591114  
-0.355370 1.269317 -1.537304  
-0.908962 1.153720 -1.802406  
0.138018 -1.955361 -1.554584  
0.510183 -1.159768 1.714710  
-2.301602 1.003000 1.026876  
2.714851 1.180896 -1.886991  
-1.731976 -1.385815 1.499741  
0.352347 -1.590109 -1.556146  
4.075816 -1.141820 1.252126  
-0.144127 -1.126031 -1.319250  
-1.930347 1.621634 1.247842  
-0.450196 1.028375 1.426497  
2.892748 1.131189 1.092174  
-2.570466 -1.253057 -1.783153  
-0.621132 -1.808945 -1.651646  
0.751899 1.250126 1.471262  
0.407106 1.755844 -1.951367  
-0.243880 -1.688981 1.987145  
1.744594 -1.537426 -1.103434  
0.309309 1.440039 -1.869264  
1.390803 -1.741716 1.886031  
-0.146973 -1.713422 -1.667679  
-1.389080 1.865883 1.543948  
-0.199267 -1.215532 -1.315732  
2.006752 1.467532 1.365158  
7.030916 -1.630488 1.000595  
1.227336 -1.319178 -1.682494  
-1.353726 -1.708921 1.094549  
1.174763 1.213852 -1.081061  
2.990863 1.389854 -1.692169  
1.247494 1.422460 1.193967  
-1.438203 -1.244054 -1.136455  
0.409676 -1.828355 -1.987937  
-1.188099 1.219411 1.696007 