1.659626 -1.783099 -1.911647 1.335223 -1.277775 -1.477397 -1.364784 1.952230 1.635712 1.141603  
-4.100120 -1.137232 1.156679 -1.129790 -1.998924 1.512932 1.612640 -1.637552 1.493583 1.292517  
0.107082 -1.400229 -1.283315 1.807724 1.069755 1.525995 1.192214 -1.890233 1.064171 -1.457702  
-1.162133 -1.902208 -1.266666 -1.375207 -1.512535 -1.531606 -1.437638 -1.930810 1.284293 1.639979  
0.790140 1.440104 1.829201 -1.228968 -1.350360 1.956468 1.657304 1.439560 1.398437 -1.684219  
-0.070066 1.950252 -1.147660 1.641081 1.619596 1.786002 1.447034 -1.187533 -1.556444 -1.169607  
-2.162475 -1.495444 -1.984752 -1.684445 -1.749771 1.294160 -1.584489 -1.152390 -1.125475 1.164102  
-2.519103 -1.052529 -1.176211 1.797798 -1.656564 -1.639458 -1.093480 -1.520210 -1.069906 -1.461421  
0.295404 1.051939 1.999994 1.889956 1.997799 1.870540 1.004162 -1.593892 -1.163131 1.913027  
-0.579293 1.579430 -1.687387 -1.530808 -1.304295 -1.576971 -1.747809 1.035421 -1.833239 -1.873271  
3.863342 -1.903366 1.666880 1.163968 1.888949 1.649707 -1.629480 1.700620 -1.328777 -1.074161  
-1.244484 -1.510686 1.280042 -1.719269 1.471483 1.944318 1.336351 -1.434513 1.344943 -1.833243  
0.733058 -1.481936 1.712087 1.621823 1.413984 -1.673936 1.347116 -1.609106 1.730729 1.740438  
2.454836 1.653130 1.532441 -1.260497 1.686125 1.111276 -1.576690 1.666557 -1.775767 -1.329642  
4.142368 1.827391 -1.188201 -1.958637 1.764871 -1.121143 1.383832 -1.943051 1.861917 1.793657  
-0.860244 1.909643 -1.498144 1.162757 1.864579 1.463662 1.495977 -1.180421 1.727550 -1.603109  
1.644406 1.178208 -1.498526 -1.138238 1.324807 -1.908485 -1.836828 1.496074 1.394327 1.608883  
-1.724987 -1.107848 -1.363598 1.331386 1.427328 1.583570 -1.658747 -1.487427 1.883037 -1.517715  
0.231268 1.829939 -1.244327 1.729360 -1.984845 1.897560 -1.410788 1.783282 -1.293678 1.865535  
-2.962213 -1.986467 -1.210883 -1.865181 1.099559 -1.301763 1.809095 1.051508 -1.457716 1.692076  
-2.000873 1.578635 1.595045 1.304286 1.476585 -1.609729 1.618925 1.233656 1.070090 -1.923728  
-0.073099 -1.826769 1.357193 -1.344251 -1.659146 1.257469 -1.625964 1.308156 1.198021 -1.109733  
1.278899 -1.200352 1.315658 -1.230996 1.532846 1.555398 -1.380215 -1.305408 1.260445 -1.552316  
0.781421 1.697848 -1.645889 1.532960 1.618447 -1.518515 -1.362154 1.801897 -1.152876 -1.063561  
-1.465573 -1.700301 -1.001125 1.305239 -1.655368 1.181161 1.667341 1.653305 -1.885014 1.157139  
1.578256 -1.904170 -1.394521 -1.868924 -1.738959 -1.233119 1.551443 1.494407 -1.939129 1.814139  
0.650845 1.935852 1.874309 1.637771 1.775421 -1.262785 1.470564 1.795490 1.873021 -1.412483  
0.392561 1.538557 -1.579021 1.700910 -1.832609 -1.112648 1.510349 -1.814351 -1.637656 1.143982  
-1.114502 1.017457 -1.573721 1.582682 -1.477361 -1.058723 1.640766 -1.222602 1.630243 -1.737939  
-0.247001 1.952662 1.899086 -1.333569 -1.219136 1.949820 1.884318 -1.183765 -1.780224 1.904782  
1.161540 -1.331846 -1.560785 1.622167 -1.477961 1.653880 1.210692 -1.865433 -1.373556 -1.646520  
0.737980 -1.058861 -1.563617 1.018911 1.009073 -1.601427 1.887197 1.173065 -1.487721 1.639009  
-1.693346 -1.882204 1.899431 -1.475806 -1.946640 1.865679 -1.718666 -1.184066 1.167165 -1.626125  
-1.930735 1.946925 -1.160824 -1.461848 -1.915220 1.614227 -1.393746 1.436585 1.244069 1.566164  
-3.325211 1.813904 1.356383 1.035666 -1.200947 -1.699787 1.889344 -1.341482 -1.766701 -1.698713  
2.244639 1.752479 -1.809371 -1.591111 -1.101454 -1.244149 1.589119 -1.889553 1.056022 1.469050  
0.351623 1.584585 1.815549 -1.526523 -1.729398 -1.264172 -1.538175 1.931518 -1.205714 1.400985  
0.753330 1.443339 1.703186 -1.214524 -1.258112 1.016177 -1.852411 1.321478 1.526830 1.250210  
-2.538017 1.889813 -1.531033 1.958957 1.343959 1.043915 -1.005076 1.292886 1.820146 1.467471  
-1.443632 -1.923381 1.084411 -1.711355 1.092858 1.867469 1.475947 -1.777505 1.578613 1.743727  
-2.237833 -1.946435 -1.274897 -1.809743 1.746730 1.173301 -1.760862 -1.981109 -1.341540 1.456514  
0.636795 1.600492 1.081265 1.136956 -1.114459 -1.582450 -1.668326 1.312343 1.768206 -1.038265  
-0.408383 -1.452650 1.308247 -1.005435 -1.126222 -1.084185 -1.785932 1.910227 -1.062674 -1.527075  
2.554359 -1.387996 -1.638409 -1.539413 -1.822426 -1.921551 -1.789244 -1.381888 -1.807959 1.747277  
1.728899 1.714432 -1.516139 -1.502401 1.671841 -1.755945 -1.139001 1.195898 -1.844281 -1.184025  
-0.786180 1.888433 1.479777 -1.199724 1.657643 1.221918 -1.778463 1.142119 1.561007 -1.873414  
0.726315 1.832555 1.773301 -1.590407 1.763764 -1.284289 -1.880009 -1.178987 1.443043 -1.647522  
-0.727646 1.607600 -1.805789 1.398775 -1.394239 -1.599644 1.901549 1.881232 1.460652 -1.292432  
-1.119677 1.301169 -1.749443 -1.485866 1.858866 -1.293171 -1.002828 1.288752 -1.650491 -1.175413  
3.170693 1.112964 -1.207257 -1.536115 1.465835 -1.892324 -1.405267 -1.837986 -1.673648 -1.347196  
-0.171460 1.717092 -1.541140 -1.268684 -1.693370 1.236360 1.219155 1.514352 1.343520 -1.094320  
1.983113 1.521261 1.180136 -1.438990 1.683098 -1.386299 1.426555 1.600405 1.109233 -1.159324  
-0.785262 -1.455690 -1.745008 -1.958753 1.020508 1.897883 -1.039717 -1.183801 1.778391 -1.073638  
-0.368192 1.601827 1.563327 1.803227 1.071322 1.475164 1.358235 1.916851 -1.900896 -1.191772  
2.566552 1.820926 -1.508799 -1.188248 -1.627518 -1.748678 -1.721823 1.872028 -1.552738 -1.957709  
0.565855 -1.008569 1.363727 1.099285 1.801024 -1.186028 1.380712 1.698096 1.011681 1.176700  
-1.748549 -1.675694 1.275884 1.155202 1.222978 -1.452681 -1.545784 1.856826 -1.386669 -1.174136  
-1.113775 -1.917395 1.367118 1.517391 -1.501835 1.017998 -1.619470 1.520118 -1.241415 -1.723975  
1.314297 1.325177 -1.637906 1.243528 -1.138114 1.212269 1.777828 -1.013161 1.745154 1.523745  
-1.238810 1.897055 1.235435 -1.739467 1.092494 -1.941243 -1.640098 -1.214741 1.448423 1.302580  
1.954458 1.971818 -1.644512 -1.798706 -1.515532 -1.636656 1.864194 1.584288 1.950885 1.576479  
1.308111 -1.924104 -1.784142 -1.705300 -1.597113 1.819102 1.522729 -1.126805 -1.775899 -1.556908  
-1.109510 -1.031606 -1.727276 -1.211786 1.939649 1.721540 -1.305987 -1.154141 -1.784489 -1.322695  
1.877481 -1.854648 -1.932716 -1.557292 -1.906964 1.000047 1.307763 1.267083 1.647548 1.713200  
-1.009211 -1.314043 1.080384 -1.663252 -1.327626 -1.246476 1.127743 -1.584998 -1.082577 -1.769074  
-1.064300 1.144468 1.800775 1.599291 1.890420 1.035519 1.747231 1.730677 1.817747 1.692488  
-0.490081 1.340321 1.040087 -1.568076 -1.067608 1.112205 -1.106272 1.888348 -1.668225 -1.355369  
1.387103 -1.716199 -1.740451 1.374974 -1.840804 1.703571 1.006426 1.728296 -1.969210 1.169177  
0.547357 1.360914 -1.538055 -1.646840 -1.736901 1.764925 1.393097 -1.084390 -1.928000 -1.691745  
0.107411 -1.989483 1.439207 1.579765 1.014150 -1.445235 1.030324 1.387466 -1.055411 -1.774659  
-3.272804 1.329342 -1.020708 1.563161 1.873097 1.717512 -1.650222 1.933176 1.424774 1.497847  
-1.036203 -1.086596 1.749230 -1.860587 1.508369 1.596952 -1.174830 1.974499 -1.340026 1.144246  
1.340464 1.613046 1.568754 -1.532218 -1.059163 1.432452 1.973147 1.613254 -1.993110 -1.527017  
-2.100101 -1.046365 -1.050263 -1.479455 -1.558524 -1.603411 -1.485460 1.793879 -1.762679 1.047742  
-0.592062 1.142889 1.999241 1.051685 1.229984 1.493831 -1.702672 1.622988 -1.561060 1.143224  
0.975147 1.470674 1.963092 1.265818 -1.590649 1.547613 -1.793753 -1.276120 -1.446645 1.785346  
2.271718 1.015699 -1.819374 1.362115 -1.741130 -1.500019 1.251974 1.678878 -1.235245 -1.940837  
-1.055048 -1.772706 1.178952 1.845005 -1.376631 1.302225 1.909529 1.892318 -1.956611 -1.109337  
1.151426 -1.165015 1.580048 -1.226811 1.788590 1.641188 -1.656098 1.098858 1.462720 1.460647  
0.299064 1.122489 -1.080795 -1.212645 1.269239 -1.735147 -1.931338 1.040756 1.744056 1.326680  
-0.260602 -1.579494 1.381762 1.926364 -1.622214 -1.683833 -1.149882 -1.680170 -1.821129 1.268084  
-1.296247 -1.119379 1.903394 1.657522 1.427702 1.180096 1.952070 1.954232 -1.437942 1.178314  
-1.006796 -1.256583 1.668469 -1.648167 1.829569 1.579965 -1.919482 -1.190501 -1.859479 -1.470325  
1.601478 -1.150099 -1.410011 1.118126 -1.984927 -1.908109 -1.158587 -1.670024 -1.101446 1.316653  
-1.183401 1.975380 -1.595963 1.976798 1.013905 1.742623 -1.097544 -1.630424 -1.997052 1.355508  
-3.055258 -1.234514 1.428308 -1.030634 -1.222729 1.460768 1.243905 -1.611093 1.602030 1.295309  
-3.316370 1.462065 1.930653 -1.640113 -1.841040 -1.909686 -1.259237 1.089609 1.048738 1.217300  
-0.130066 1.728638 1.114216 -1.551302 1.927623 -1.332182 -1.884543 1.095194 -1.886736 1.742903  
0.999334 -1.613807 -1.796788 -1.677710 -1.823659 -1.116995 1.573077 1.002623 -1.185365 -1.403541  
-0.403232 -1.075625 1.529970 -1.100276 -1.906126 1.144482 1.495767 -1.627218 1.461706 -1.138082  
-1.386681 1.576553 1.100709 1.460309 -1.133100 1.399062 1.599573 1.818716 1.645507 1.546248  
1.164621 -1.188687 -1.449020 -1.550494 1.120834 1.196091 -1.943652 1.093788 1.351819 -1.330436  
-0.331206 1.018556 1.204186 1.147062 -1.756264 -1.401325 1.384041 1.776374 -1.405917 1.743788  
-4.154979 -1.847523 -1.712522 -1.003458 1.495408 -1.549261 1.063393 1.930875 1.405089 -1.117271  
1.215369 1.679788 -1.108608 1.988351 1.783031 -1.041276 -1.672017 1.757571 1.830110 -1.448881  
-2.254954 1.238873 1.565959 1.425894 -1.247685 1.132400 1.061761 1.174222 1.268351 -1.684893  
2.139790 1.849856 1.614968 1.951267 1.368455 -1.770597 1.398290 1.621694 1.179218 1.935296  
0.367079 -1.445837 1.879885 1.822882 1.782631 1.199617 -1.233944 -1.244069 1.656900 -1.293991  
0.386684 1.488733 1.074058 1.958022 -1.158015 -1.680180 -1.961014 1.401282 1.746074 -1.989134  
1.004480 -1.206047 -1.238225 -1.814795 -1.645453 1.920480 -1.173373 1.234711 -1.519640 -1.500707 