-11.758004 1.755605 1.532767 1.047045 -1.679296 -1.383502 1.830965 -1.053462 -1.671149 1.383416 -1.417486 -1.588977 -1.846167 1.091965 -1.415999 1.910321 -1.262453 -1.736082 -1.632639 -1.991037  
-1.114468 1.722660 -1.651519 -1.631635 -1.272710 -1.766495 1.237774 1.359265 1.486517 -1.909208 1.904653 1.516292 -1.986642 1.266145 -1.947764 -1.500707 -1.277082 1.529747 1.940980 -1.761514  
1.570236 -1.015868 -1.868247 1.736225 1.999458 -1.233195 1.351015 1.591114 -1.412081 1.269317 -1.537304 1.287212 1.153720 -1.802406 1.534450 -1.955361 -1.554584 1.624849 -1.159768 1.714710  
-2.301602 1.003000 1.026876 1.937897 1.180896 -1.886991 1.150335 -1.385815 1.499741 -1.587187 -1.590109 -1.556146 1.983305 -1.141820 1.252126 1.464031 -1.126031 -1.319250 1.126712 1.621634  
-1.110156 1.389314 1.028375 1.426497 1.947487 1.131189 1.092174 1.071064 -1.253057 -1.783153 -1.349524 -1.808945 -1.651646 -1.679592 1.250126 1.471262 -1.600394 1.755844 -1.951367 1.439330  
0.795359 1.987145 -1.851270 -1.537426 -1.103434 -1.576717 1.440039 -1.869264 -1.800720 -1.741716 1.886031 1.463323 -1.713422 -1.667679 -1.199555 1.865883 1.543948 -1.450347 -1.215532 -1.315732  
2.006752 1.467532 1.365158 1.999117 -1.630488 1.000595 -1.773352 -1.319178 -1.682494 1.205262 -1.708921 1.094549 -1.764005 1.213852 -1.081061 -1.952160 1.389854 -1.692169 1.776866 1.422460  
-1.424434 -1.191824 -1.244054 -1.136455 -1.601010 -1.828355 -1.987937 -1.233599 1.219411 1.696007 1.696243 1.669521 1.056441 -1.227008 1.699834 -1.762571 1.553911 1.329666 -1.143045 1.485325  
1.471371 -1.738997 1.135332 -1.310739 1.518084 -1.258843 1.393018 1.475896 1.279293 -1.369742 1.671784 1.513936 1.720768 1.460697 -1.321560 1.517145 1.401833 1.986503 -1.670098 -1.541710  
1.580241 -1.274210 -1.546137 -1.266613 -1.246733 -1.694024 -1.817101 -1.160749 1.707826 1.582421 -1.991533 1.279512 -1.171179 -1.495691 1.163081 1.782992 1.436426 1.584787 -1.066850 1.389731  
-0.465131 -1.659053 -1.538661 1.815932 -1.686102 -1.009348 1.520960 -1.220685 -1.070635 1.723764 1.050603 -1.457162 1.446490 -1.285942 -1.695637 -1.681165 1.057475 1.542393 -1.856193 -1.377550  
0.307082 -1.679332 1.035588 -1.973356 -1.351319 1.607611 -1.552862 -1.356925 1.974252 1.251528 -1.813048 1.244586 -1.694856 -1.263620 -1.116571 -1.113676 1.006079 1.599359 -1.082507 -1.375310  
-1.958427 -1.029635 -1.494245 1.934031 1.359658 1.499955 1.671903 -1.756770 -1.230572 -1.562602 1.616610 -1.224801 -1.653012 -1.744104 1.047639 -1.124945 1.484180 -1.914025 -1.593546 -1.496582  
-0.234539 1.771944 -1.442790 -1.467741 -1.445930 1.205341 1.372520 -1.964851 1.070335 -1.526338 1.517707 -1.841576 -1.423890 1.713547 1.871884 -1.836598 1.389060 1.605603 1.539505 -1.401692  
-2.401141 1.472380 1.104969 -1.802019 -1.668820 1.243750 1.263663 -1.081006 -1.232867 1.491343 1.266119 -1.425191 -1.963476 1.795856 1.171155 -1.063804 1.292468 1.825837 -1.726443 -1.802084  
-3.047149 -1.153315 1.061731 -1.929150 -1.204563 -1.699691 -1.494631 -1.711571 1.200644 1.436096 -1.861187 1.444519 1.523772 -1.753174 -1.822891 1.232078 1.430618 -1.987325 -1.850531 1.311605  
6.029294 -1.468075 1.690773 -1.541535 -1.159216 -1.821334 -1.041075 -1.110019 1.518773 1.561484 1.516908 -1.737175 -1.022799 1.670991 -1.066290 1.921118 -1.380115 1.167313 -1.691126 1.713695  
0.363177 1.929698 -1.505970 1.919236 1.723836 -1.490817 1.976116 -1.273251 1.698558 1.097432 1.610738 -1.495125 1.588888 1.151217 -1.731364 1.051617 -1.320642 1.245142 -1.382969 -1.597168  
2.670305 1.513149 -1.650128 1.407538 -1.479783 -1.534199 -1.605538 -1.703369 -1.938254 1.413494 1.783002 -1.681491 1.527413 1.143684 -1.251422 -1.004816 1.275353 1.278929 -1.506820 1.416475  
-0.255415 -1.766175 -1.441265 1.297064 1.338510 -1.055606 1.485286 1.114475 1.864609 1.367395 1.162204 1.057723 -1.468101 -1.883705 -1.412248 -1.308327 1.814416 -1.919492 -1.770046 1.572442  
1.406845 1.861622 -1.869494 1.389172 -1.525670 1.420038 -1.749145 1.338085 1.743126 1.879162 1.710114 1.359379 1.161029 -1.096429 -1.562612 1.878192 -1.635205 -1.878413 -1.113071 -1.382620  
-1.976059 1.143302 1.708588 1.390967 1.628767 1.908691 1.859213 -1.428873 1.498631 -1.450735 -1.740759 -1.300122 -1.110018 1.972476 1.238410 -1.833474 1.129482 1.339119 1.440268 1.432877  
-0.479726 -1.429473 1.670197 -1.698066 1.849278 -1.793382 1.009608 -1.639058 1.644898 -1.377364 1.389500 -1.693589 -1.291525 -1.854365 1.144142 -1.005588 1.381955 1.344455 -1.291000 1.124391  
-2.972205 -1.376817 -1.755856 -1.011531 -1.560914 1.415560 1.514590 1.842044 1.465007 1.050043 -1.202449 -1.831524 1.839549 1.181196 -1.934110 -1.369040 1.627830 -1.405786 -1.444850 1.748311  
-1.891943 1.665308 -1.581285 1.982032 1.921473 -1.967723 -1.278796 -1.590459 -1.834692 -1.730448 1.349529 -1.664147 1.869188 1.917967 -1.951753 1.416007 -1.962535 -1.526182 -1.818107 1.662893  
2.777158 1.126034 -1.886726 1.162958 1.602405 -1.838679 -1.391555 1.667348 -1.000040 1.628753 1.574346 -1.351393 1.370837 1.576430 -1.744468 -1.442624 1.091801 1.992419 1.033004 1.487212  
2.150592 -1.688594 -1.481720 -1.947120 -1.953262 1.127088 1.857156 -1.007008 1.050393 1.641374 -1.137093 1.824627 -1.655888 -1.526454 -1.903056 1.277586 1.391494 1.243001 1.728307 -1.201217  
-3.768921 -1.187979 1.779658 1.666364 1.351173 1.292091 -1.223697 1.404765 1.579362 -1.437240 1.834283 1.849068 -1.264662 1.533532 1.998736 1.122221 1.425107 1.213568 1.033077 -1.106043  
-0.071836 -1.257524 -1.282465 -1.208123 -1.764064 -1.575853 -1.907848 1.114107 1.698163 -1.747969 1.894964 -1.345891 1.215049 1.017785 1.785470 1.729983 1.877797 -1.343425 -1.362191 -1.080655  
1.244771 1.493295 1.642734 1.352314 -1.281545 -1.626153 1.157540 -1.251955 1.854603 -1.608444 -1.373662 1.261863 1.202817 1.070950 -1.963243 1.197518 -1.081326 1.152563 -1.809124 -1.045520  
1.583660 -1.801168 -1.399215 -1.655206 1.986364 -1.413580 -1.108049 -1.867119 1.834369 1.716939 -1.222540 -1.001574 -1.409766 -1.022462 1.376501 -1.793872 1.331804 1.653873 -1.259120 1.987042  
0.585471 1.376933 1.449107 -1.585800 -1.483601 -1.081595 -1.100809 1.841668 1.827927 -1.813280 1.839796 1.642095 1.815759 -1.193634 1.930652 1.378445 1.227756 1.985847 -1.458481 1.279015  
1.045613 -1.303932 -1.813190 -1.717761 1.785073 -1.577059 1.798596 -1.627795 -1.471856 1.529620 1.857925 -1.399143 -1.846436 1.456879 -1.292495 -2.000000 1.741616 1.796585 1.600734 -1.251693  
0.304835 -1.747701 -1.989635 1.554778 -1.107010 -1.246300 -1.334365 -1.069367 -1.876262 -1.145400 1.661891 -1.585027 1.494116 1.924830 -1.256384 -1.620714 1.024167 1.610723 1.568438 1.373973  
-0.505381 1.583115 1.110806 -1.685165 1.871871 -1.974538 1.475344 -1.992179 -1.698704 1.474984 -1.445107 -1.439511 1.997177 1.124284 -1.190258 -1.656273 1.457616 -1.139185 1.972964 1.852208  
2.521324 -1.466668 -1.460250 1.866139 1.384766 -1.814225 1.721585 1.313986 1.688042 1.165764 -1.176306 -1.198053 -1.674452 -1.323405 -1.320824 -1.870438 -1.147775 1.941981 -1.660927 -1.170347  
-1.618486 1.361192 -1.963839 1.023861 -1.886172 -1.913224 -1.172576 -1.814419 -1.583064 1.471753 1.332312 -1.512964 1.828165 -1.004778 -1.454566 -1.843533 1.733911 1.422961 1.405874 1.525560  
-0.390122 -1.264789 -1.184968 1.620673 -1.327313 -1.184355 1.533180 1.925770 -1.031187 1.565061 -1.140259 1.309119 1.162868 -1.379582 -1.602311 1.335103 -1.544029 -1.287871 -1.439320 1.325579  
3.573036 1.318377 -1.349269 -1.985489 -1.041885 -1.785281 1.101461 -1.437511 1.282593 1.882302 -1.670468 1.757833 -1.853380 1.233950 -1.261282 -1.299503 -1.991835 -1.428610 1.463801 1.181880  
0.013431 1.898036 1.629141 1.544049 1.054810 -1.975294 -1.869878 -1.518437 -1.969667 1.228571 -1.896504 1.084773 -1.771090 -1.051936 1.071636 -1.269917 -1.687318 -1.944647 1.911773 1.815332  
-0.072523 -1.703183 1.168436 1.210064 -1.372777 -1.806702 1.658912 -1.522131 -1.606870 1.021766 -1.377316 -1.969700 -1.793286 -1.453228 -1.244226 -1.213819 1.407049 1.343149 -1.688401 -1.778182  
-3.810574 1.053752 1.163551 -1.011579 -1.921468 1.545015 1.556517 1.481430 1.408673 1.941078 1.589636 -1.282762 -1.745794 1.554309 -1.117163 -1.354305 1.265734 1.414449 -1.529665 -1.469946  
-2.209987 -1.132815 -1.438291 -1.993806 1.349940 1.801629 -1.301218 1.551921 1.506545 -1.729641 -1.217063 -1.385219 1.264364 1.856503 1.893365 -1.964196 -1.284081 -1.718898 -1.486485 1.858476  
-3.871452 -1.959515 1.997882 -1.587660 1.408225 1.545435 1.574699 1.681336 1.563862 -1.292872 1.977984 -1.583705 -1.521573 1.807740 1.594764 -1.200402 -1.280788 -1.793055 -1.789200 -1.160008  
1.160589 -1.391793 1.332695 1.780210 1.954354 -1.777039 -1.841949 -1.768394 -1.585257 1.801599 1.690773 -1.550919 1.586986 1.898639 1.259919 -1.000039 1.091840 1.679043 -1.745264 1.981988  
1.281879 1.086813 1.926769 -1.781356 1.286591 1.295857 -1.909973 1.891786 -1.752406 1.468107 -1.208753 -1.897771 -1.958706 -1.918436 1.262890 1.771451 1.775716 1.418673 -1.647096 1.829492  
1.266957 1.119997 1.991853 -1.424932 1.633542 -1.430353 1.798559 1.246792 -1.041603 1.094000 1.043491 1.824232 -1.511974 -1.998299 -1.211603 1.108905 -1.096877 -1.387090 1.899207 1.817065  
1.499103 -1.458524 1.592706 1.667519 -1.739097 -1.625461 1.896096 1.328330 -1.451460 1.258829 1.703850 1.690966 1.879646 -1.216739 1.785623 1.715460 1.195229 1.020458 1.760827 1.420198  
0.739338 1.050492 -1.633692 1.109521 -1.017517 1.538175 1.640354 -1.027800 1.329900 1.375769 -1.768851 1.762721 -1.184594 -1.838480 -1.368350 1.786713 -1.815297 -1.897892 -1.412815 -1.554443  
-0.614785 -1.971990 -1.140848 -1.801560 1.401016 1.602370 1.755131 -1.978601 1.729884 1.878878 -1.677584 -1.287851 1.022169 -1.944596 -1.568109 -1.030379 1.641647 -1.068264 -1.574306 1.210034  
1.136032 1.275348 1.374207 1.354434 1.622282 -1.346591 1.516009 -1.696418 1.807667 -1.736131 1.327840 1.440638 -1.933097 -1.567060 1.987787 -1.111175 1.444486 1.544986 1.148493 1.525456  
0.354848 -1.908952 1.507967 -1.463210 1.693285 -1.692757 1.250726 1.743430 -1.288709 1.655550 -1.424314 1.431431 -1.383152 -1.518011 -1.737829 -1.513320 -1.502298 1.415590 -1.029127 1.115948  
0.540941 -1.510782 1.512091 -1.975647 -1.946474 -1.630165 -1.488743 -1.686839 -1.849437 1.800510 1.449826 -1.023474 -1.871800 1.458718 -1.187636 1.357162 1.423101 -1.845013 1.924011 -1.820136  
3.659786 -1.735949 1.829046 -1.012364 1.605344 -1.547190 1.029054 -1.577041 1.651622 1.735630 1.686567 1.754228 1.003219 1.569399 -1.211794 -1.240964 -1.088676 -1.593670 1.389757 -1.797826  
3.940708 1.961583 1.863762 1.472729 -1.870751 1.039750 -1.790158 -1.041306 -1.682644 1.651416 -1.273417 1.022727 1.228337 1.221213 -1.061747 -1.288490 1.384612 1.740659 -1.533529 -1.282173  
2.663639 1.587070 -1.345682 -1.006556 1.311967 1.510074 -1.220417 1.191895 1.644665 -1.494929 -1.139070 -1.183774 1.082349 1.360519 -1.296815 1.384147 1.866680 1.918743 1.747109 1.793832  
0.064351 1.809086 1.577993 1.100140 1.690319 1.433362 -1.322814 1.983912 1.006960 -1.527021 -1.627369 -1.285189 1.443561 1.144130 -1.872446 1.756102 1.868794 1.328171 1.603147 -1.805742  
-0.334067 -1.323595 -1.503808 -1.898505 -1.453041 -1.408904 1.954362 -1.482250 -1.685043 -1.906563 -1.400413 1.980445 1.380316 -1.829065 -1.132748 1.785494 -1.780114 -1.351053 -1.243357 1.024342  
0.865730 1.088807 1.931076 -1.589635 -1.576430 -1.272528 -1.256752 1.810435 -1.274655 -1.044662 1.578786 -1.535274 1.919610 1.077537 -1.851936 1.956571 1.597675 1.433636 1.396628 -1.661178  
0.724530 1.473408 -1.780460 1.232948 -1.633641 1.485577 1.031019 -1.784966 1.413157 -1.265916 -1.407080 1.141940 -1.592777 -1.680462 1.823268 -1.551341 1.754757 -1.127778 1.572303 -1.607560  
1.208892 1.383296 -1.123225 1.164800 -1.345647 -1.841865 -1.130036 -1.262527 1.284531 1.510689 -1.980176 1.906449 -1.308516 1.664316 -1.198709 1.110733 1.037492 -1.185770 -1.847198 -1.290794  
-0.085325 1.665240 1.043539 -1.227704 -1.882860 1.714594 -1.063062 -1.640094 -1.570175 1.933295 -1.359691 1.540083 1.965322 -1.719937 1.160983 -1.660614 1.072635 -1.191256 -1.496468 -1.497789  
-0.480037 -1.628710 1.935549 1.001301 -1.505529 1.393030 -1.537968 1.380405 -1.939119 1.766006 -1.777598 1.662258 1.908568 1.059507 1.473655 -1.009565 -1.623197 -1.611334 -1.493485 -1.767691  
1.223029 -1.306745 -1.961826 -1.154770 1.366802 1.593871 -1.579569 1.053577 -1.771369 1.434124 -1.296776 -1.301690 1.615407 -1.250785 -1.983965 -1.901082 1.002337 -1.999875 1.024992 -1.058363  
-1.700256 1.939210 1.291507 -1.091745 -1.445330 1.446813 -1.948445 -1.504574 -1.687722 1.419649 1.803778 -1.958921 -1.684991 1.108694 -1.060429 1.523720 1.374412 -1.652982 1.115234 1.599329  
-1.300852 -1.579126 -1.968060 -1.813962 1.903943 1.048282 -1.991771 -1.118094 -1.488368 1.198314 1.417207 -1.105312 -1.425215 1.915947 1.032356 -1.612437 -1.403955 -1.469697 -1.379761 -1.986112  
-1.147224 -1.691272 -1.269706 1.021679 -1.479570 -1.687346 1.277095 1.567483 1.717839 1.784570 -1.399060 -1.155245 -1.118353 1.833942 1.276767 1.585313 1.953731 -1.492780 1.269562 1.577906  
-0.827303 1.012010 1.224663 1.256259 1.240489 1.115747 -1.514668 1.412705 -1.280930 -1.826259 -1.935912 1.109592 -1.515788 -1.133405 -1.637065 1.705220 -1.870284 1.261178 -1.024366 -1.958848  
2.637162 1.962295 -1.729671 1.456012 1.171463 -1.557062 -1.334386 -1.480262 1.972064 1.831784 -1.137326 1.365970 1.362630 -1.647369 1.346061 1.135349 1.346350 1.908562 -1.522653 -1.515333  
-1.494806 -1.501457 -1.502441 1.353386 -1.326845 -1.612926 1.994794 -1.870526 -1.823612 -1.038809 1.707452 1.958700 1.611468 1.816441 -1.949190 -1.382113 -1.272879 1.288365 1.231332 1.139884  
-2.100597 1.196891 1.158363 1.549318 1.594898 -1.689994 1.305893 -1.898144 -1.630569 1.600412 -1.628793 1.927167 1.029845 -1.684658 1.600775 -1.806936 -1.299106 -1.160200 -1.812857 -1.492720  
0.116609 1.434714 -1.470711 -1.810747 -1.289502 1.208676 1.317195 -1.368418 1.875103 -1.198351 -1.495345 1.519423 1.107651 1.566859 1.113697 -1.850158 -1.006892 -1.224729 1.853626 -1.642390  
-5.553362 -1.235741 -1.248698 -1.449308 -1.594900 1.754091 1.260497 1.869849 -1.825785 -1.506497 1.619307 1.026315 1.181557 1.993945 -1.137646 1.192009 1.341074 1.680280 -1.310742 1.389645  
-0.102923 -1.643278 -1.069759 -1.465556 -1.615903 1.972228 -1.151634 -1.431069 -1.990922 -1.817021 -1.535562 1.303432 1.938371 1.030294 -1.302180 -1.332748 -1.988146 -1.444876 1.659586 -1.167258  
-1.106871 -1.527545 1.527825 1.651788 1.143383 -1.912572 -1.707396 -1.063574 -1.379943 1.844077 1.252032 -1.236043 -1.766164 1.814099 -1.548848 1.041205 1.782447 -1.915521 1.037349 -1.510704  
-2.777582 -1.068487 -1.110012 -1.383664 -1.019121 1.418684 -1.940460 -1.543900 1.896570 1.530456 1.225867 -1.913491 1.221611 -1.226309 1.183222 -1.183592 1.780252 1.038689 -1.539349 1.462822  
3.309712 -1.908510 1.570475 1.963741 1.640747 1.496850 1.749050 -1.387249 1.442215 -1.927888 1.318246 -1.983366 1.094068 1.868118 -1.473519 -1.345015 1.019906 -1.312989 -1.782501 -1.539436  
0.222334 1.374031 1.152191 1.987988 -1.274053 -1.579989 1.619807 -1.804005 -1.978863 -1.208000 -1.172190 -1.664506 -1.772490 -1.555694 1.314041 -1.555733 -1.398937 1.133129 -1.099504 1.575281  
-0.518689 1.109921 1.924886 1.924063 -1.666490 -1.025036 -1.258753 1.132313 -1.120215 -1.750372 1.007408 1.608319 -1.280504 1.186764 -1.927755 -1.432290 1.072653 1.625986 1.038419 1.430565  
-0.397222 -1.268303 -1.247241 -1.870243 -1.482305 1.074193 1.260450 1.194420 1.987933 -1.574907 -1.169951 1.001354 -1.344565 -1.464788 -1.962945 -1.646646 1.904255 -1.848352 1.010268 1.458099  
0.050215 1.899390 -1.371447 -1.527377 -1.033735 1.064816 -1.541551 -1.449394 1.456171 1.018556 -1.847088 -1.104680 -1.008129 -1.657449 -1.639570 -1.598649 1.041955 1.753584 -1.903034 -1.872789  
-2.080570 -1.138140 1.450394 -1.872537 1.706278 1.821730 -1.842835 1.401296 1.441705 -1.739529 1.959406 -1.686644 -1.413509 1.036361 -1.890206 -1.412048 -1.866202 -1.702068 -1.421433 -1.613166  
-0.731199 1.515464 1.425387 -1.790702 1.855004 -1.001987 1.556947 -1.822004 1.361125 1.797590 1.484291 -1.474420 1.013214 -1.327089 -1.241366 1.943368 1.433632 1.611090 1.866953 -1.798644  
-2.897295 1.086044 -1.406570 1.077486 1.774475 -1.231509 1.554465 -1.562727 1.635225 -1.224336 -1.499441 1.744240 1.926089 1.118925 -1.827872 -1.958102 1.176983 -1.121680 1.539434 -1.146164  
3.809492 1.079426 -1.144449 1.869311 -1.413932 1.136002 -1.798831 -1.150684 -1.262802 1.769287 1.093322 -1.425700 -1.648110 1.664819 1.295564 1.985106 1.236851 1.008960 1.370014 1.185411  
0.684921 -1.614583 1.719720 -1.772741 -1.129835 -1.208414 -1.854720 1.788057 1.683691 1.745120 1.778519 1.771757 -1.982625 1.912228 1.696904 1.418868 1.032286 -1.495736 1.267720 -1.503646  
-6.449849 1.288429 -1.809428 1.808140 1.542611 1.501598 1.948683 -1.323355 -1.924671 -1.477922 1.529306 -1.127549 -1.272454 1.759730 -1.846757 1.684132 1.340302 -1.571238 -1.919091 1.572856  
-2.346207 1.650166 -1.438223 1.408450 1.640295 1.049996 -1.226594 -1.303654 1.187383 1.247328 1.796486 -1.456202 1.985547 1.166366 -1.182083 -1.888116 -1.750574 -1.283745 -1.163399 -1.746166  
1.454719 1.118250 -1.929240 -1.765349 1.337156 -1.580881 1.194781 1.585557 1.993644 -1.693316 -1.801359 -1.272890 -1.443591 -1.793677 -1.155823 1.664433 1.778315 1.327063 1.542773 -1.134761  
-0.491551 1.158419 -1.985891 -1.965740 1.170457 -1.386281 1.808468 1.084997 -1.260563 1.903183 1.273772 -1.046303 -1.385907 1.772240 1.228270 -1.339061 1.682779 -1.475311 -1.210435 -1.608702  
2.326927 -1.263003 1.765875 1.793451 1.168194 -1.792024 1.795577 -1.876711 -1.301055 1.452228 1.888670 -1.868240 -1.908329 -1.778888 -1.763561 1.963608 -1.259576 -1.769203 -1.832903 -1.541270  
0.010683 1.399013 -1.338549 1.985847 1.442840 1.566065 -1.944422 -1.272525 -1.996490 -1.095982 -1.922475 1.863133 -1.723907 -1.027845 -1.445487 -1.095488 -1.090860 -1.888348 1.298862 1.092134  
-0.712665 1.729006 1.177601 1.625280 -1.969843 1.526910 -1.196260 -1.936410 -1.825969 1.092848 1.571610 1.519037 -1.443754 -1.083811 -1.594962 1.377918 -1.373031 -1.063527 1.518765 -1.898846  
0.028048 1.110128 -1.056081 1.288451 1.207280 1.986988 1.602776 1.239675 1.768248 1.087461 -1.915878 -1.447531 1.249387 -1.842133 1.507305 1.239512 1.673935 1.999938 -1.419622 -1.475492  
0.710451 1.631325 -1.303192 -1.701545 -1.316460 1.283648 -1.657068 1.632773 1.125274 -1.648440 -1.296327 -1.149853 -1.784127 1.632737 1.743396 -1.463358 -1.507650 -1.859551 -1.309981 -1.539558  
-1.216460 -1.992717 -1.624197 -1.109720 -1.705012 -1.405474 -1.801343 1.329185 -1.882793 -1.570242 1.521621 -1.742054 -1.514136 1.831187 1.457128 1.508025 1.126698 1.903280 1.954903 -1.268010  
-1.919391 1.496625 -1.174617 1.807968 -1.244401 -1.203223 -1.343845 1.749962 1.515792 -1.715646 -1.631432 -1.128442 1.016661 -1.180883 -1.526402 1.338733 -1.938660 1.487784 -1.483748 1.586681  
-0.014359 -1.292853 -1.032931 1.858465 -1.535034 1.852547 1.349900 1.688079 -1.562408 1.319509 -1.429181 1.520293 1.715015 1.277065 1.191615 -1.942594 1.907766 -1.905617 -1.606210 -1.301074  
0.252877 1.232817 1.860612 -1.647846 1.763967 -1.811484 -1.999273 1.192639 -1.843681 1.481897 1.778899 -1.597497 -1.062505 -1.530966 -1.087024 1.931936 -1.218826 1.220367 -1.397125 1.978781  
0.029696 -1.405894 1.128647 1.830412 1.509371 -1.898120 -1.330219 1.188450 -1.890597 -1.896049 1.181835 -1.182565 1.398931 1.012598 1.576900 1.892944 1.383388 -1.231686 1.758272 1.768317 